2175
-0.903879	-0.404867	-0.138153
0.073196	0.631571	0.771855
-0.316047	0.695014	0.64581
-0.648828	0.707344	0.28051
-0.301548	0.917397	0.259714
0.0216549	0.57904	0.815012
-0.544422	0.180903	0.819072
0.1956	-0.533319	0.82299
-0.366547	-0.930208	-0.0188744
-0.42403	0.101578	0.899933
-0.477829	0.730131	0.488455
-0.839466	-0.541341	-0.047393
-0.671167	-0.475664	0.568577
-0.152809	0.362206	0.919487
-0.862975	0.190284	-0.468044
-0.335478	-0.212182	0.917842
-0.595815	-0.704454	0.38568
-0.686435	-0.669626	-0.283562
-0.262045	-0.0290669	-0.964618
0.167179	0.825933	-0.538411
-0.175992	-0.268419	-0.947089
0.352435	0.648342	-0.674864
-0.0801996	0.369036	-0.925948
-0.275278	-0.557671	-0.783087
-0.351182	0.796455	-0.49227
-0.00168388	0.230786	-0.973003
-0.747667	0.461353	0.477648
0.228816	0.6599	-0.715664
-0.0841146	0.717874	-0.691073
0.114386	-0.272141	-0.955435
-0.491729	0.181062	0.851715
-0.597259	0.700363	-0.390861
0.317722	0.502631	0.803999
0.618595	0.0737765	-0.782238
-0.603304	-0.792943	-0.0852338
-0.261641	0.731549	-0.629588
-0.378453	-0.389681	0.839596
0.782583	-0.000232534	0.622546
0.220517	0.426173	0.877353
-0.0769912	0.182867	0.980118
0.312772	-0.35342	0.881628
-0.686511	0.448946	-0.571971
0.73607	0.579721	0.349464
-0.982531	-0.175365	-0.06229
0.649328	0.525203	0.550032
0.338634	0.919809	0.198187
-0.920824	0.306707	-0.240861
-0.065179	-0.844479	0.531609
-0.78592	0.60686	0.118535
0.134605	0.420616	0.897198
0.981213	-0.169843	-0.0915131
-0.817325	0.501657	0.283408
-0.851503	-0.0142956	0.524155
-0.582789	-0.152131	0.798256
-0.783104	0.562516	0.265188
-0.781751	-0.124381	0.61106
-0.348342	0.936029	0.0500695
-0.808916	-0.572243	0.134879
-0.121742	-0.632063	0.765294
-0.940365	0.0281522	0.339
-0.866962	0.486263	0.109206
-0.273661	-0.547563	-0.790749
-0.428395	-0.730758	0.531479
0.307032	0.310094	-0.899763
-0.729873	-0.655241	-0.194795
-0.0911606	-0.944844	-0.31458
0.382462	0.725088	0.572687
-0.0609171	0.990741	-0.121332
0.650634	0.00686021	0.759361
-0.161089	0.113087	0.98044
0.89538	-0.442726	-0.0478301
-0.270103	0.892531	0.361155
-0.915513	-0.291622	0.277116
-0.731695	-0.678639	0.0638071
-0.514691	0.764945	0.387237
-0.74016	-0.609537	0.283951
0.103532	0.77565	-0.622614
0.675809	-0.72674	0.123012
0.0861212	0.326479	-0.941273
0.87088	0.371302	-0.322029
0.247978	-0.964136	0.094595
0.141259	-0.889052	-0.435468
-0.709479	-0.682391	0.176018
-0.938188	-0.319227	0.133784
0.335344	-0.669318	-0.662991
0.656763	0.746575	-0.106244
0.0371325	-0.861785	-0.505913
0.795199	-0.59471	0.118232
0.991348	0.116862	0.0597747
0.667258	0.386584	-0.636647
0.943292	0.100896	0.316259
0.504031	0.750447	0.42753
0.885125	0.402782	-0.233069
0.946665	0.313139	0.075955
0.446929	0.554929	-0.701647
0.613641	0.756476	-0.226248
0.46975	-0.30253	-0.829343
0.414316	0.9047	-0.0992959
0.63751	-0.246552	-0.729927
-0.690141	0.48726	0.535054
0.233028	0.97074	-0.057984
0.218599	0.0200432	-0.975609
0.255262	-0.940784	-0.223086
0.916996	0.262989	0.299926
0.946556	0.0179803	0.322039
0.981444	-0.120659	-0.149027
0.523296	-0.661546	-0.537139
0.510554	-0.267815	-0.817074
0.152825	-0.96407	0.217287
0.707008	-0.608098	-0.361049
0.411365	-0.710157	-0.571363
0.504622	0.499416	0.704231
0.339111	0.373	-0.86364
-0.568539	-0.449039	0.689295
0.401516	0.914795	0.0439907
0.814355	-0.0457313	0.578563
-0.239632	0.80716	0.539508
-0.00989064	-0.837817	0.545861
-0.807495	-0.579204	0.111692
-0.456177	-0.493964	0.740204
0.403182	0.573942	-0.712766
-0.749907	0.136514	-0.647304
-0.614682	0.679158	-0.401137
0.91457	-0.375153	-0.151071
0.692793	0.500482	0.519188
-0.0993938	0.951289	0.291838
-0.139986	0.724621	0.67478
-0.256661	0.960987	0.103094
-0.791445	0.439826	-0.424462
-0.93852	0.140374	-0.315396
-0.813708	0.569575	-0.116035
0.152699	0.0102805	-0.988219
0.297467	0.840332	-0.453162
0.963933	-0.0157571	-0.26568
-0.116252	-0.568942	-0.81412
0.723157	-0.245263	-0.64567
-0.321565	-0.836029	-0.444581
-0.0758893	-0.430493	-0.899398
0.35457	0.105777	-0.929027
-0.215183	-0.748323	-0.627463
-0.475704	0.605703	-0.637832
0.138686	0.581602	-0.801564
-0.345315	-0.780646	0.520912
-0.908548	-0.136901	0.394714
0.27597	0.949933	-0.146517
0.64451	0.728433	0.232364
0.250448	-0.956972	-0.146564
-0.642274	-0.621667	-0.448346
0.000662086	-0.0157181	-0.999876
-0.771769	-0.62607	-0.111395
-0.434072	-0.861908	-0.262101
-0.628918	-0.768528	-0.117592
0.61284	-0.772685	-0.165483
-0.691351	-0.720682	-0.0514947
-0.992151	-0.0861413	-0.0906421
-0.785633	-0.279493	-0.551965
-0.46639	-0.879575	0.093957
0.261321	-0.855058	0.447869
0.378378	-0.607038	-0.69881
0.108628	-0.984531	0.137471
0.828493	-0.32523	-0.455879
-0.0630976	-0.996061	-0.0622971
0.557769	-0.732798	-0.389743
0.364442	-0.852544	0.374635
0.300414	-0.301855	-0.904784
0.849807	-0.503962	-0.154437
0.631788	-0.244831	-0.73546
0.870491	-0.348311	-0.347743
0.676411	-0.00586788	-0.736501
0.945707	0.223839	-0.235658
0.7261	0.189928	-0.660837
-0.0324296	-0.972344	-0.231292
0.285054	-0.106211	-0.952609
-0.386809	-0.603263	-0.697461
0.186822	-0.225964	-0.956053
0.766142	0.555672	0.322885
0.633063	0.754973	-0.171015
0.307898	0.95129	-0.0157013
0.931788	0.331051	-0.148915
-0.213512	0.904817	0.368399
0.288781	0.829634	-0.47782
0.630822	0.716413	0.298019
0.791938	-0.218749	-0.570073
0.415401	-0.897903	0.145643
-0.703024	-0.620596	0.347301
-0.0917007	-0.267954	0.959058
-0.714208	-0.192787	0.672859
0.0540703	-0.825124	-0.562358
-0.754641	-0.562567	-0.337691
0.230036	-0.780882	0.580781
0.863999	0.00850305	0.503422
0.804563	-0.344227	0.483927
0.436248	-0.506804	0.74353
0.295462	0.823475	0.484346
0.74161	-0.160671	-0.651306
-0.523992	-0.821683	-0.224209
0.584676	-0.664841	-0.464909
0.646875	0.498382	-0.577207
-0.0786531	0.635191	-0.76834
0.925486	0.366944	0.0939532
0.305865	0.390716	0.868209
0.351983	0.831802	0.4292
0.626526	-0.762141	-0.163115
0.351133	-0.896232	0.27106
-0.697974	-0.294009	0.652986
-0.766469	-0.610318	-0.200094
0.996838	0.0102199	0.0788012
0.914939	-0.336368	0.223032
0.646868	0.607589	0.460866
-0.607843	0.665219	-0.433601
0.892437	-0.192294	0.40814
-0.904372	-0.0378618	-0.425062
-0.900308	-0.411275	-0.142473
0.881442	0.435684	-0.182314
0.724878	0.688864	-0.00424437
0.729979	-0.3221	-0.602812
0.667166	0.741487	0.0713245
-0.859993	0.319105	0.398227
0.41766	0.558054	0.717033
-0.597685	0.794795	0.105235
-0.531684	0.235843	0.813443
-0.558896	-0.0255421	0.828844
0.147731	-0.982703	-0.111673
-0.618448	-0.415466	-0.667016
0.920857	0.277429	0.273963
0.386413	-0.784091	-0.485682
-0.627214	-0.204714	-0.751462
0.248448	-0.798574	-0.548227
-0.470823	-0.321088	0.821723
-0.796054	-0.596241	-0.103895
-0.692434	-0.624569	-0.361176
-0.918616	0.350158	-0.183122
-0.665566	0.0409144	0.745217
-0.931473	-0.175383	0.318745
0.403628	0.872482	-0.275426
-0.327085	-0.882129	-0.338915
-0.868641	0.382541	-0.314841
-0.722304	-0.291256	-0.627253
-0.7251	0.276584	-0.63066
0.558627	-0.525883	0.641391
-0.286425	0.64202	0.711176
0.469036	0.267067	-0.841832
-0.946393	0.314808	0.0723615
0.957976	-0.012985	-0.286553
0.25854	0.828153	0.497312
0.545426	0.817798	-0.18362
0.179833	0.542874	0.820334
0.870273	0.482779	0.0977233
0.0977626	0.988497	0.115392
0.126098	0.873428	0.470343
-0.873058	-0.20704	0.441479
0.0970015	-0.880926	-0.463207
0.367705	-0.867833	-0.334153
0.461946	-0.545892	0.699005
-0.427015	-0.886927	0.176123
-0.423183	-0.00897642	0.906
-0.183045	-0.0675164	0.980783
-0.847546	-0.530528	0.0143764
-0.844389	0.0748493	0.530476
0.947999	-0.219428	-0.23054
0.385456	0.503893	-0.772991
0.936376	-0.300386	-0.181572
0.481441	-0.641903	-0.596805
0.742404	0.255264	0.619416
-0.939784	0.331645	0.0825731
-0.867926	0.0697414	0.491772
-0.76126	0.185313	0.621404
-0.947875	0.205159	-0.243808
-0.1267	-0.581184	0.803848
0.631721	-0.444713	-0.634948
-0.728301	-0.665618	-0.162884
-0.746415	-0.606549	-0.273793
0.243779	0.762631	0.599137
-0.541077	0.777448	-0.320641
-0.00319104	0.643047	-0.76582
0.365927	0.845681	-0.388486
0.506182	0.752627	-0.421109
-0.464813	0.0941448	0.88039
-0.914877	-0.216776	0.3406
0.151848	-0.527668	-0.835768
-0.0651129	-0.904492	-0.421491
0.908763	-0.370367	-0.192298
-0.0886442	-0.362674	0.927691
-0.0978392	-0.977473	0.187013
-0.356008	-0.633626	0.68686
-0.61326	-0.592996	0.521793
-0.825175	-0.138338	0.547676
-0.155858	-0.233886	0.95969
-0.253576	-0.186919	0.949084
0.0177472	-0.0131107	0.999757
0.325832	-0.931134	0.163777
0.54765	-0.515098	0.659359
0.91855	-0.385258	0.0885503
0.65305	-0.401307	0.642245
-0.783219	-0.462025	0.416054
-0.514055	-0.666597	0.539811
0.0912325	0.00987417	0.995781
0.130309	0.364587	0.922006
-0.570685	0.0461576	0.819871
0.934716	0.0662306	0.34917
0.643223	-0.554722	0.527777
0.809243	0.0749772	0.58267
-0.621293	0.690729	-0.369984
0.250279	0.343255	0.905282
-0.0719302	0.672297	0.736778
-0.780566	-0.522788	0.34265
-0.333362	0.856451	-0.394159
-0.971538	0.0740517	-0.225012
-0.531059	0.223529	-0.817319
0.177235	-0.678881	0.712537
0.516826	0.192894	-0.834076
0.193775	0.252937	0.947879
-0.282136	-0.0556273	-0.95776
1.85729e-05	0.08698	0.99621
-0.131106	-0.549752	-0.824975
0.723408	-0.689377	-0.0379396
0.317398	-0.346837	-0.882589
0.610542	-0.682421	-0.401921
0.0679258	-0.93928	-0.336363
-0.0578962	-0.906779	-0.417613
-0.46821	0.00575239	-0.883598
0.655021	-0.572281	-0.493399
-0.0540036	0.657555	-0.751469
0.568067	-0.818526	0.085527
-0.316096	-0.25993	-0.912425
0.625285	-0.457791	-0.632017
-0.405997	0.906452	0.116239
0.36489	0.389658	0.84559
-0.0636793	0.774874	0.6289
0.385918	-0.715846	0.58192
-0.638418	0.76968	-0.00382782
-0.28435	0.709099	0.645231
-0.522935	0.712609	-0.467683
-0.94722	-0.152555	-0.281959
-0.905	-0.425349	0.0072126
-0.538827	-0.841813	0.0318822
-0.0329448	0.828855	0.558492
0.206615	-0.286897	-0.935414
-0.561399	0.82581	0.0535678
-0.319193	-0.695028	-0.644246
0.680919	-0.394577	0.616975
-0.979397	0.201812	-0.00727904
-0.520528	-0.0876418	-0.849335
-0.785184	0.184618	-0.591102
-0.619636	-0.0593897	-0.782639
-0.846819	0.501224	0.177964
0.028037	-0.966523	-0.255045
-0.819813	-0.398162	0.41155
-0.743953	-0.65642	-0.125084
-0.0343228	-0.304532	-0.951883
-0.853115	0.461127	-0.244043
-0.954169	-0.1305	-0.269315
-0.886612	0.262394	0.380879
-0.510495	0.788308	-0.34346
-0.296378	-0.084532	0.951323
-0.354143	0.752642	-0.55508
-0.569058	0.29901	-0.766007
-0.0176932	-0.746832	-0.664778
0.64796	-0.612477	-0.452791
0.121969	-0.627275	-0.769188
0.719924	-0.689354	-0.0806208
0.440178	-0.380491	0.813308
0.906821	-0.288777	0.307057
0.307031	-0.950373	-0.0502316
0.171315	-0.966541	0.190917
0.415875	-0.261451	0.871029
-0.736527	-0.668888	-0.100581
-0.764777	-0.439406	0.471209
-0.819156	-0.132684	0.558012
-0.61564	0.27365	-0.738987
-0.679185	-0.177109	-0.712278
-0.711947	-0.359821	-0.603043
-0.0614235	0.47295	0.878946
0.173655	-0.87643	0.449126
-0.0351021	0.386667	0.921551
0.425711	-0.812914	-0.397417
0.505209	-0.702107	-0.501807
0.509071	-0.857517	-0.0742301
0.878248	-0.182507	-0.442008
-0.170574	0.878456	0.446341
0.992439	0.032393	0.118383
0.147414	0.489448	0.859482
0.745509	0.586771	-0.316095
-0.232355	-0.948525	0.2152
-0.3331	0.608375	0.720364
0.388127	-0.467168	-0.794426
0.629239	0.559492	-0.539469
0.460281	-0.231718	-0.856999
-0.704007	-0.682637	0.195911
-0.359687	0.920438	0.153036
0.212728	-0.916887	0.337735
0.514424	0.723889	0.459731
0.551456	-0.514957	0.656289
-0.829587	-0.420534	0.367336
-0.213348	-0.317613	0.923907
0.0919387	0.399215	0.912236
-0.739327	-0.285547	0.609802
-0.856056	0.388055	0.341441
-0.47318	0.464977	-0.748263
-0.981476	0.0459363	0.185996
-0.0160059	0.738687	-0.673859
-0.930463	-0.231367	-0.284092
0.0596926	0.953086	-0.296756
-0.205877	-0.14457	-0.96784
-0.501969	-0.760454	-0.411991
0.51742	0.351748	0.780096
0.462465	0.00177071	0.886636
-0.907836	0.195212	-0.371115
-0.828278	0.51301	-0.225337
-0.469063	-0.871671	-0.142018
-0.360731	-0.0246421	0.932344
-0.0536503	0.94958	0.3089
-0.506356	-0.537961	0.673945
-0.732694	0.523216	0.435206
-0.451264	-0.890596	0.05657
-0.762709	0.250269	0.596356
-0.67911	0.711815	0.179246
-0.777486	0.0188213	-0.628618
0.934747	0.295845	0.196785
0.42573	0.882851	0.198314
0.499616	0.411359	0.762344
-0.472585	-0.243077	-0.847099
0.566585	0.665215	0.486282
0.71013	0.686323	-0.157086
0.500351	0.388559	0.773738
-0.672801	0.238931	0.70018
0.378314	0.334841	-0.862994
0.469009	0.309616	0.827145
0.27531	0.921339	-0.274479
-0.530958	-0.039955	0.846456
0.240804	-0.719491	0.651419
-0.911497	-0.175384	0.372041
0.684168	-0.348783	0.640519
-0.977276	0.00753792	0.211835
-0.442559	0.376498	-0.813874
-0.0180112	0.311586	-0.950047
-0.329375	-0.438233	0.836339
0.823246	0.437847	0.361326
0.293324	0.0777031	-0.95285
-0.675023	-0.654055	0.341403
-0.936712	0.293432	-0.190968
-0.922871	0.0395794	-0.383069
0.806318	-0.565131	-0.17458
-0.473858	0.692424	0.544066
0.33753	0.638388	0.691762
0.485327	0.205296	0.849889
0.0312657	-0.0373488	0.998813
0.755603	0.598934	0.265222
0.993209	-0.1063	-0.0472979
0.690127	0.516131	0.50728
0.616699	-0.39299	-0.682086
0.497785	-0.850856	0.168091
0.630847	0.213261	-0.746024
-0.137273	0.0844545	0.986926
-0.269471	0.775851	0.570474
0.28856	0.92303	0.25446
0.114656	0.537347	-0.835531
0.502178	-0.253351	-0.82682
0.184352	0.780314	-0.5976
0.777778	-0.292374	-0.556398
0.868568	-0.486674	0.0934771
-0.148768	-0.979554	-0.135434
-0.16805	-0.967773	-0.187552
-0.298187	0.127309	0.945979
-0.762744	0.59745	0.247536
-0.421406	0.0301918	0.906369
0.107529	-0.663942	0.740012
0.116877	0.737458	0.665203
-0.753276	0.628173	0.19487
-0.767082	-0.511236	0.387586
-0.464534	-0.649099	0.602395
-0.852802	-0.450661	0.263883
-0.827397	-0.214817	0.51891
-0.873307	-0.485609	0.0389608
-0.67011	-0.601731	0.434595
0.443071	0.749628	0.491677
0.874921	0.437064	0.208538
0.643955	0.421954	0.638182
0.60703	0.142424	-0.781812
0.857621	-0.50918	-0.0722688
-0.24156	0.400653	0.883813
0.201406	-0.0152122	0.97939
-0.298728	0.952885	-0.0526426
-0.40313	0.552074	0.729863
-0.852843	0.144022	0.501913
-0.26056	0.120928	-0.957854
0.314828	-0.24401	-0.917247
-0.923505	-0.352171	0.152035
-0.0703898	0.974956	-0.210966
-0.845805	0.127313	-0.518079
0.670517	-0.177634	0.720315
-0.387804	-0.608799	-0.692077
0.971346	0.107333	-0.212054
-0.655532	0.407381	-0.63586
0.246204	-0.722444	-0.64611
-0.876828	-0.478716	-0.0447676
-0.375615	-0.861473	0.341727
-0.692521	-0.639838	0.333198
-0.0761793	-0.505554	0.859425
-0.971214	-0.134491	-0.196609
0.945147	-0.1888	0.266555
0.635805	-0.148017	0.757524
0.991522	-0.0990671	0.0840811
-0.554995	-0.159206	0.816476
-0.218948	0.0880395	0.971757
0.401638	-0.745589	-0.531775
0.0907272	0.465317	-0.880482
0.297171	0.44129	-0.846731
-0.216388	0.889761	-0.401872
0.692802	0.282135	-0.663645
-0.0372726	0.795891	-0.604291
-0.66566	-0.745972	-0.0205739
-0.760478	-0.286472	0.582758
-0.801316	-0.568216	0.187146
-0.949787	-0.0598201	0.307125
-0.281433	-0.959323	-0.022237
-0.647008	-0.546779	0.531426
-0.215279	0.375341	0.90154
-0.971584	0.180591	-0.153006
0.258329	0.935736	0.240135
-0.853841	0.498824	0.148762
0.252189	0.554957	0.792732
-0.66471	0.74665	-0.0259734
0.874897	0.11411	-0.470673
-0.6654	0.342973	0.663032
-0.977449	-9.2389e-05	0.21117
-0.924913	-0.344873	0.159999
-0.858171	0.445956	0.254296
-0.801374	0.0474008	-0.596283
-0.548687	0.835364	0.0333016
-0.969172	-0.208485	-0.131302
-0.875556	-0.468535	0.117802
-0.592679	-0.748558	0.297308
-0.643943	-0.763969	-0.0410922
-0.52483	-0.588021	0.615454
-0.753569	-0.268802	0.599899
0.381338	-0.294761	0.876184
0.416495	0.217396	0.882763
0.916466	0.319801	-0.240454
0.434487	0.321515	0.841338
-0.276593	0.815455	0.508457
-0.124657	0.852709	0.507295
0.639968	0.74518	-0.187475
0.711401	-0.506468	0.487237
0.145105	-0.94871	-0.280881
-0.45428	0.643949	0.615597
-0.633759	-0.686386	0.356684
-0.987995	-0.0178414	-0.15345
-0.960041	0.182708	-0.211987
-0.283881	0.128008	0.950276
0.90005	0.376053	-0.220213
0.69351	-0.392937	0.603858
0.454671	-0.14967	0.877994
0.478788	-0.877925	0.002966
-0.500999	-0.0932967	0.860405
0.360179	-0.452722	0.815668
0.518539	-0.0114308	0.854978
0.249311	-0.928917	-0.273782
0.439534	-0.523327	0.730026
-0.120103	0.400951	-0.908192
-0.50905	-0.037974	0.859899
0.513143	-0.834988	-0.198694
0.731857	-0.600015	-0.323061
0.521921	-0.685501	-0.507629
0.493861	0.788741	0.366045
0.313394	0.756109	-0.574529
0.193959	0.660141	0.725667
-0.604882	0.506244	-0.614683
-0.0698467	0.794746	0.60291
0.860898	-0.378332	0.340176
0.308014	0.538161	0.784544
-0.121477	-0.976554	0.177726
-0.844568	0.203554	0.495248
-0.433069	-0.325575	0.840507
-0.626504	-0.586554	0.513272
0.363465	0.704933	0.609067
-0.125004	-0.443981	0.887274
0.522209	-0.671811	0.525326
-0.716236	-0.196976	0.669483
0.446706	-0.893595	0.0440742
0.593586	-0.786677	-0.169692
0.625081	-0.658407	0.419255
-0.1144	0.567846	0.815147
-0.701296	-0.458781	-0.545623
0.023922	-0.208079	0.977819
-0.933957	-0.301895	-0.19127
-0.822869	0.344826	0.451643
0.621772	-0.41366	-0.665045
-0.134067	-0.883392	-0.449048
-0.159158	-0.251451	-0.954694
-0.0940678	-0.0554292	-0.994022
0.702252	0.0833276	-0.707035
-0.121963	-0.476587	-0.870626
-0.13791	-0.219391	0.965841
0.0758586	0.137215	0.987632
0.323488	-0.870442	0.371062
-0.373982	-0.0700185	0.924789
0.286955	0.957778	0.0178317
0.29395	0.328721	-0.897517
-0.145828	0.987295	-0.0631162
0.523179	0.730335	0.439197
-0.256334	0.963391	-0.0785506
-0.251226	0.0900052	0.963735
-0.498949	-0.752637	0.429636
0.367537	0.228565	0.901485
-0.110096	0.669239	0.734846
-0.635902	0.379483	0.672028
0.928846	-0.0547345	0.3664
0.177136	0.886535	0.427408
-0.184154	0.92524	0.331689
0.0227202	0.861625	0.507036
-0.542084	-0.784018	0.302425
0.44744	0.735028	-0.509443
-0.612897	0.733478	0.293884
-0.0217747	0.237021	0.971261
0.644513	0.511328	0.56846
-0.279188	-0.943072	-0.180745
-0.0280184	-0.975056	-0.220184
0.803755	-0.587336	0.0949474
0.36025	0.932448	-0.0275942
-0.671041	0.629829	-0.391177
-0.186681	-0.954786	0.231375
0.227191	-0.713931	-0.662334
-0.117738	-0.819914	0.560248
0.172903	-0.955056	-0.240775
-0.211093	-0.233112	-0.949262
-0.784589	-0.615199	-0.077139
-0.835568	-0.0429928	0.547703
0.274324	-0.956058	0.103434
-0.456038	-0.691545	-0.560174
0.72886	-0.0959223	0.67791
0.104619	-0.911939	-0.396764
0.290862	-0.836998	0.463501
0.202095	-0.385561	-0.900278
0.979	0.203269	0.015505
0.770476	0.451642	-0.449874
0.531781	0.730221	0.428937
0.806093	0.591778	-0.00359459
0.0131269	-0.386805	-0.922068
0.723263	0.546067	-0.42273
0.779653	-0.0570227	-0.62361
-0.00248751	-0.0973429	-0.995248
-0.491594	-0.676458	0.548398
-0.520527	-0.712724	-0.470188
-0.375694	-0.810223	0.449881
-0.881332	0.382625	0.277223
-0.555514	0.171457	-0.813638
-0.12971	0.0150248	-0.991438
-0.271719	0.381273	-0.883629
0.651955	-0.509163	0.561879
0.366775	-0.907483	0.204817
0.924538	-0.381076	-0.00332797
0.640551	-0.702234	0.310744
0.564351	-0.764186	-0.312294
-0.790537	-0.605972	0.0885972
0.963672	-0.239594	0.118031
0.335246	0.277565	-0.900315
0.226256	-0.843395	-0.487333
0.279083	-0.0890757	-0.956127
0.00278409	0.996322	-0.085645
0.558016	-0.552006	-0.619602
-0.474166	0.853204	-0.217277
0.0481366	-0.99026	-0.130643
0.303228	0.730328	-0.612106
-0.468017	-0.868636	-0.162576
0.265686	-0.881615	-0.390085
0.462662	-0.409161	-0.786468
0.237203	-0.79822	0.553697
0.443445	-0.406667	0.798735
0.483198	0.780702	0.396262
0.203187	0.947724	0.246037
-0.412694	0.907141	-0.0823278
-0.594293	-0.249652	0.76452
-0.649726	-0.607708	0.456669
-0.660078	0.392729	0.64036
-0.349948	0.883201	0.312238
0.243978	0.259836	0.934323
0.82542	-0.537781	-0.171676
-0.0245529	0.587671	-0.808728
0.748235	0.595593	-0.292254
0.531542	-0.820454	-0.210519
0.21757	-0.95407	-0.205948
-0.914805	-0.402499	0.033558
0.174622	-0.983844	-0.039476
-0.422546	-0.773527	-0.472345
-0.968356	0.0890446	-0.233149
0.159729	-0.982217	-0.0986703
0.296715	-0.823027	-0.484342
0.632243	-0.396242	-0.665778
0.390973	-0.888088	-0.241744
-0.911489	0.318453	0.260337
0.0580067	-0.487996	-0.870916
-0.284088	0.861755	0.420324
0.278585	0.767357	-0.577541
0.129157	-0.917057	0.377259
0.909769	-0.415105	-0.00283217
-0.223961	-0.908288	0.353347
0.659758	-0.646008	-0.383918
-0.59556	-0.783909	-0.175483
0.923829	0.228426	0.307183
0.905271	-0.188685	0.380633
0.161796	-0.216905	0.962691
0.712392	0.0807449	-0.697121
0.630734	0.397303	0.666577
0.737426	-0.525458	0.424377
-0.209395	-0.734915	0.645023
-0.184278	-0.00884988	-0.982834
0.646761	0.5879	-0.485875
-0.33202	0.0550883	-0.941662
0.806279	-0.409354	0.427018
0.711162	-0.61846	-0.334299
-0.769201	0.246703	-0.589464
-0.0434071	-0.413199	-0.909606
-0.647592	-0.758361	-0.074255
-0.409949	-0.585144	-0.699677
-0.263426	-0.671867	-0.692243
-0.47138	-0.415298	-0.778028
-0.962957	-0.210143	0.168976
0.237168	-0.965451	-0.107964
-0.880446	-0.462382	0.104964
-0.901476	-0.0860948	-0.42418
-0.569861	-0.818278	-0.0753618
-0.488905	-0.863203	0.125904
-0.691664	-0.687222	-0.222096
0.175773	0.983552	-0.0415799
0.0886316	0.959266	-0.268242
-0.440871	0.897567	-0.00228595
-0.162719	-0.0509995	0.985354
-0.61236	-0.0185461	0.790361
-0.38586	0.190044	0.902771
-0.666608	0.741513	0.0761095
-0.757038	0.545849	0.359087
-0.922443	-0.311529	-0.228141
-0.959157	-0.0473865	0.278876
0.694421	-0.717272	-0.0574504
0.313177	-0.840357	0.442402
-0.692364	-0.169517	-0.701353
0.607991	-0.687601	-0.396928
-0.0538181	-0.93101	-0.361005
0.296469	0.269533	-0.916219
0.442965	0.845153	-0.299162
-0.88926	0.439846	-0.125509
0.518988	0.847708	-0.109737
-0.455463	-0.100611	-0.884551
-0.554673	0.429647	0.71256
-0.251161	0.966057	0.060435
0.525498	0.849178	0.0524249
0.309895	0.734616	0.603577
0.082161	0.872543	0.481579
-0.732309	0.418827	0.536943
-0.749324	-0.0666158	0.658844
0.914972	0.378833	-0.13897
0.0542222	0.995705	0.075041
-0.810387	-0.564784	-0.155862
0.0876556	-0.941949	-0.324113
0.531806	0.810833	-0.244401
0.83653	0.540927	0.0872707
0.914941	0.391512	0.0979903
0.0236792	0.939769	0.340988
0.588697	0.066541	-0.80561
-0.661979	-0.618928	0.422743
-0.45363	-0.539237	0.709537
0.372578	0.908422	0.18962
-0.0611868	0.704169	0.707391
0.180529	0.972711	0.14575
-0.175805	-0.158774	0.971537
0.0731652	0.938485	0.33748
-0.749596	0.498788	0.435104
0.608592	0.729672	0.311762
0.0322232	0.792203	0.609406
0.961661	0.274226	0.00291609
0.349584	0.250364	0.902834
0.322364	0.946447	-0.0178762
-0.540486	0.839724	-0.0523263
0.697506	0.704706	0.129904
0.312687	0.949467	0.0271938
-0.561222	0.333423	0.757535
0.0338536	0.996183	0.0804511
-0.0936507	0.993983	0.0568083
0.312169	0.948512	-0.0536178
0.149213	0.837492	-0.525682
-0.61624	-0.230475	-0.75308
0.306516	0.0723017	-0.949116
-0.552409	0.832421	-0.043803
0.340659	-0.346879	-0.873857
-0.815814	-0.293532	0.498284
0.746367	-0.645846	-0.160684
-0.533442	-0.569787	0.625126
-0.554953	-0.767789	0.3202
-0.240774	-0.967339	-0.0792653
-0.343326	-0.893941	0.288092
-0.456386	-0.666734	0.589218
0.940881	-0.329358	0.079157
0.480179	0.562851	0.672775
0.579736	0.795875	0.174613
0.945922	0.0581185	0.319146
0.87768	0.467899	0.103676
0.443493	0.527852	0.724352
0.365047	0.00420226	0.93098
0.611247	0.71333	-0.342837
0.253291	0.819386	0.514248
0.474569	0.77861	0.41055
0.71741	0.341339	-0.607298
0.908096	0.286033	-0.305854
-0.82739	-0.514427	0.225366
-0.31867	0.58053	-0.749289
-0.917674	0.377541	-0.123843
-0.709851	-0.459522	-0.533808
0.377795	-0.917554	-0.123955
-0.703439	-0.702645	-0.107067
0.498427	0.337427	0.798569
-0.415713	-0.100296	0.903949
-0.712802	0.463582	0.526313
-0.710419	0.700244	-0.0704545
-0.947153	0.276916	0.161923
-0.760466	0.532808	-0.371224
-0.447631	0.889549	0.0912666
0.140317	0.942358	-0.303765
0.182767	0.609676	0.771292
-0.267618	-0.485568	0.832229
-0.634859	0.761762	-0.129121
0.848021	-0.0827755	0.523459
-0.00464786	0.940921	0.338594
-0.224765	0.624675	-0.747838
-0.354498	0.531816	0.769092
0.395146	0.703877	-0.590269
0.391203	-0.886076	-0.248657
0.659197	-0.674429	-0.332573
0.352948	-0.934917	0.0368486
-0.775703	0.61968	0.119508
-0.157468	0.722644	-0.673045
-0.810625	0.337074	-0.47882
-0.235616	-0.239775	-0.941803
-0.170454	0.207818	-0.963202
-0.214374	-0.907857	-0.360332
0.238622	-0.486283	-0.840588
-0.376557	-0.917878	-0.12532
0.657823	-0.345991	-0.668999
-0.797557	-0.148511	0.584676
-0.0900629	0.356229	-0.930048
0.717995	0.423688	0.552243
0.932124	0.323661	-0.162445
0.294583	-0.697269	0.65348
0.724543	0.591473	-0.353832
0.1036	0.44838	0.887819
0.887495	-0.281413	-0.364911
0.922801	0.276601	-0.268198
0.240203	0.0909918	0.966449
0.581349	0.793491	0.180015
0.628653	-0.000527449	0.777686
0.893013	0.4427	0.080899
0.702588	-0.627028	0.33646
-0.707977	0.22679	-0.668831
-0.907196	-0.406467	-0.108533
0.492286	-0.156441	0.85626
0.319104	0.40247	0.858016
-0.853076	-0.414466	-0.316984
-0.976903	-0.0320335	-0.211271
0.375799	-0.468283	0.799679
-0.869776	0.455683	-0.189324
-0.83383	-0.499942	0.234064
-0.951697	-0.062924	0.30052
-0.53648	-0.0244547	-0.843559
0.729116	-0.603609	-0.322561
0.210396	0.344011	0.91509
0.441529	-0.449147	-0.776736
0.916664	-0.0117777	0.399485
0.561374	-0.638486	0.526494
0.492513	0.385268	0.780384
-0.204413	0.978453	0.0290657
0.225094	0.570858	0.789591
0.331112	0.659132	0.675211
0.265863	-0.129161	-0.955319
-0.535724	0.379281	-0.754417
-0.0190827	0.0828179	-0.996382
0.0280684	-0.0298027	-0.999162
0.480817	-0.454025	-0.750118
0.881608	0.386408	0.271029
-0.498861	-0.538782	0.67886
-0.642455	0.654245	0.399018
-0.774166	-0.0519778	0.630845
0.778151	-0.115639	-0.61734
0.171067	-0.363205	0.91587
-0.34123	0.894747	-0.288079
-0.0793602	0.359828	0.929637
0.596092	-0.112178	0.795041
-0.198286	-0.735602	0.647744
-0.710229	-0.462589	0.530647
-0.572411	-0.693339	-0.437752
-0.0179022	-0.875101	-0.483609
-0.319391	-0.415468	-0.85169
-0.15978	-0.266586	-0.950475
0.197129	-0.160815	-0.967098
-0.71655	0.505239	-0.480925
0.782487	-0.584465	-0.214743
0.305137	0.0153865	-0.952184
-0.136208	-0.571233	0.809407
0.368266	0.898504	0.238894
0.0188008	0.160645	0.986833
0.0931631	0.941826	-0.322932
0.471453	-0.119223	0.873795
-0.0675214	0.997541	-0.0187828
0.528379	-0.0837824	-0.844864
-0.677365	-0.177923	-0.713807
0.506927	-0.380554	-0.773436
-0.529248	0.117436	-0.840301
-0.539072	0.828389	0.152226
-0.254853	0.900879	-0.351379
-0.222753	0.312201	0.923532
-0.749042	-0.662379	0.0137577
-0.524688	-0.568527	-0.633624
-0.872548	-0.44876	0.193068
-0.0408332	-0.573372	0.818277
-0.662914	0.168066	0.729588
0.470009	-0.569079	-0.674715
-0.787932	-0.614501	-0.0393917
-0.358256	-0.829744	-0.427992
0.900864	-0.402471	0.162667
0.317262	-0.20123	0.926742
0.936834	0.338559	0.087863
0.164787	0.17925	0.969904
0.641992	0.707847	0.294617
0.582963	-0.811774	0.0343089
0.965541	0.243527	0.0917844
0.864011	-0.0242529	-0.502888
0.234457	0.645031	0.727299
0.750234	-0.65868	-0.0573484
-0.01387	0.794491	-0.607118
0.29946	-0.613057	0.731085
0.577354	0.723765	0.377924
0.890231	0.271347	0.365869
-0.000762533	0.247864	0.968795
0.250318	-0.44159	0.861591
0.580229	-0.640018	-0.503697
0.0356894	-0.89341	0.447823
0.696446	-0.717107	-0.0268577
-0.222488	-0.971307	-0.0840345
-0.635775	-0.683984	0.357709
-0.966193	-0.0232897	0.256766
0.225337	0.0412095	0.973409
-0.369155	-0.839948	0.397758
0.249938	-0.918757	-0.305642
-0.551745	0.810463	-0.196789
0.112197	-0.934392	-0.338119
-0.880944	-0.143536	-0.450927
-0.434123	0.393746	-0.810247
-0.49444	-0.843837	0.208489
-0.403647	-0.445892	0.798905
-0.912455	0.0277026	-0.408239
-0.883081	-0.118187	-0.454092
0.428094	0.0434685	0.902688
0.0178661	0.236312	0.971513
0.207351	-0.139903	0.968211
0.114555	0.0201749	0.993212
0.347163	0.923841	-0.161232
-0.0288669	-0.417207	-0.908353
-0.0028871	-0.0286158	0.999586
-0.848161	-0.34269	-0.403963
-0.0940574	0.207707	-0.973659
-0.591025	-0.63667	-0.495319
-0.606738	0.292504	0.739129
-0.313729	0.373553	-0.872945
0.784029	-0.318334	0.532881
-0.9704	-0.221073	0.0972183
-0.637052	-0.334627	0.694399
0.0975353	0.699109	0.708331
-0.352165	0.655919	-0.667645
-0.791511	-0.0855315	0.605141
-0.980147	0.026693	-0.196466
0.0533882	0.381388	0.922872
-0.800352	0.566847	0.195248
0.872593	-0.488292	-0.0123438
-0.132598	0.0718115	0.988565
-0.0355856	0.345588	0.937711
0.232674	-0.758353	-0.608904
0.410192	0.684983	-0.602113
0.901829	-0.0021982	-0.432087
0.773405	0.633555	-0.0212907
0.551192	-0.652404	-0.520151
-0.130075	-0.0918056	-0.987245
0.89051	0.295501	0.345935
-0.509781	0.813256	0.280604
0.0643485	-0.0857873	-0.994233
-0.962753	-0.0682955	-0.261614
-0.0978075	-0.516784	-0.85051
-0.122809	-0.618337	0.776259
0.77019	0.603176	0.207332
-0.532217	-0.5247	0.664406
-0.681527	0.668634	-0.297404
0.0318761	-0.955362	-0.293712
0.106185	-0.473781	0.874218
0.624155	-0.763816	-0.164364
0.487347	-0.547108	-0.680563
-0.312651	-0.728108	0.610007
0.144161	0.676421	-0.722268
-0.959701	-0.15008	-0.237594
-0.996966	-0.0576641	0.0522761
-0.699868	-0.430636	-0.569858
0.101801	0.735119	0.670251
0.725557	0.518931	0.451971
0.0973507	-0.380543	0.919625
-0.191643	0.408553	0.892389
0.438301	-0.634595	0.636538
-0.233517	0.689917	0.685189
-0.611541	0.491162	0.620304
4.98942e-05	0.879254	0.476353
0.733851	0.594407	-0.328851
-0.12715	0.978368	0.163183
-0.367047	-0.158225	-0.916647
0.185629	0.982132	-0.0309709
-0.736379	-0.510485	0.444017
-0.160874	-0.985848	-0.047144
-0.354529	-0.923588	-0.145925
-0.223349	0.0641318	0.972627
-0.813777	0.3998	0.421815
-0.103033	0.0972395	-0.989913
0.367376	-0.150028	-0.917892
-0.108853	-0.127873	0.985799
-0.299609	-0.084791	-0.950287
-0.230425	0.361467	0.903463
0.0962749	0.320022	0.942506
0.391805	0.28374	0.875203
-0.211682	0.556792	0.803227
0.15605	-0.374547	-0.913982
0.565947	0.416034	0.711772
0.603215	-0.104256	-0.790735
0.458495	-0.128549	-0.879351
-0.938267	0.129732	-0.320662
-0.321407	-0.802107	0.50331
0.763078	0.578324	-0.288536
-0.113029	-0.229499	-0.966724
0.425242	-0.596214	-0.680954
0.445393	-0.790871	0.4197
0.846164	0.522577	-0.104497
-0.0874493	0.744284	-0.662113
0.202794	-0.405836	0.891163
-0.646834	-0.111272	0.75447
-0.148185	-0.522119	0.8399
0.249782	-0.00138902	-0.968301
0.737643	-0.67472	-0.0252001
-0.0555567	-0.910621	-0.409491
0.228867	-0.892394	0.388912
0.30427	-0.334124	-0.892066
0.618394	-0.773897	-0.13665
-0.168926	-0.985626	-0.00226793
-0.30627	-0.822854	-0.478655
-0.53379	0.155292	-0.831236
-0.109465	-0.878923	-0.464232
-0.499134	-0.464327	-0.731619
-0.287317	-0.0913776	-0.953467
-0.482991	-0.184794	-0.855904
0.982642	0.142015	0.119357
0.463384	0.297208	-0.834831
0.745241	0.664879	0.05051
-0.934095	-0.0424474	-0.354491
0.47219	0.772654	-0.424314
0.865938	-0.000174524	0.500152
0.286559	-0.954459	-0.0830191
0.556282	-0.812744	0.173197
0.0948425	-0.171279	-0.980647
0.24686	-0.968498	-0.0327422
-0.439542	-0.693347	-0.571028
0.261451	-0.9335	0.245401
-0.193039	-0.148039	-0.969959
-0.767124	-0.439641	0.467157
-0.831025	-0.515781	-0.208248
-0.559964	-0.184566	0.807698
-0.505632	-0.465395	-0.72646
0.551763	-0.765185	0.331738
-0.77804	-0.628167	-0.00773455
0.662191	-0.245428	0.708003
-0.186239	-0.434647	0.881134
-0.980671	0.16019	-0.112355
0.609706	0.775137	0.165594
0.680117	-0.642963	0.352193
-0.263853	-0.384557	0.884589
0.79398	0.406402	0.452144
0.74643	0.405034	0.528005
-0.608299	-0.133221	-0.782447
-0.806661	-0.256558	0.532424
-0.809391	-0.528723	-0.255613
0.904202	0.352772	-0.24077
0.222621	-0.632201	0.742133
0.98265	-0.161378	0.0914093
0.861945	-0.35738	0.359625
-0.307249	0.224027	0.924884
0.617611	-0.0892675	-0.781401
0.492261	-0.768347	0.409049
0.0549004	0.143913	-0.988066
-0.309369	0.9504	-0.0321095
-0.360639	0.276754	-0.8907
-0.888057	0.453798	0.0736333
0.408173	0.428163	-0.80627
-0.083213	-0.57633	-0.812969
0.668784	-0.635602	-0.385666
-0.336497	0.785733	-0.519032
-0.341034	-0.931339	0.127689
-0.735571	-0.66181	-0.144717
0.401093	-0.608993	-0.684289
-0.399936	-0.749623	-0.527368
-0.266769	-0.703337	-0.658902
0.273712	0.324605	-0.90538
-0.6825	0.116393	0.721559
0.575153	0.229011	-0.785336
0.840806	-0.490685	0.228632
0.280355	0.768886	-0.574643
-0.272059	-0.962246	0.00809921
-0.922897	0.349163	-0.162317
0.688161	-0.709145	0.153453
-0.610934	-0.62097	-0.491076
-0.820469	-0.56699	-0.073171
-0.571892	-0.729639	0.374921
0.999141	-0.0381724	-0.0161552
-0.559035	0.192565	-0.806473
0.704934	-0.535653	0.464913
-0.605856	-0.373472	-0.702465
0.516359	-0.197858	0.833202
0.385829	-0.695374	-0.606293
0.381207	0.422695	0.822198
0.451719	0.756964	-0.472181
0.0100381	-0.193104	-0.981127
0.268744	0.829214	-0.490082
-0.292345	0.124259	-0.948206
-0.509635	0.176953	-0.841997
0.958193	0.178074	-0.223954
0.127105	-0.844431	-0.520366
0.852322	-0.372669	-0.366967
0.315372	-0.930673	0.185438
-0.825153	-0.556625	-0.0963896
0.22338	-0.923554	-0.311689
-0.442067	-0.891875	-0.0955859
0.195039	-0.538663	0.819635
-0.486698	-0.869026	-0.0889857
-0.63604	-0.770112	0.0487989
0.00249322	-0.390387	0.920647
-0.791764	-0.324479	-0.517516
-0.308606	-0.871081	-0.382074
0.263523	-0.928475	-0.261705
-0.918678	-0.368865	-0.141313
-0.102887	0.416729	-0.903189
-0.514862	0.84179	-0.162195
-0.483288	0.531727	-0.695485
0.987447	0.147977	-0.0552382
-0.918581	0.190359	-0.34637
0.74887	0.548817	0.371473
0.1765	0.488417	-0.854574
-0.00391	0.598357	-0.80122
-0.052845	0.278171	0.959077
-0.98052	-0.12459	-0.151846
-0.409829	-0.682193	0.605519
-0.473084	0.747723	-0.465942
-0.228915	0.972643	-0.0395441
0.352656	-0.161644	-0.921686
0.726914	0.321036	-0.607068
0.43815	-0.888418	-0.136885
-0.236812	-0.169304	-0.95669
0.954782	-0.291138	-0.0602437
0.830382	-0.336071	0.444434
-0.603246	-0.484795	0.633299
0.0243636	0.0308241	0.999228
0.614747	-0.756037	-0.224706
-0.992399	0.118019	-0.0348794
-0.839925	-0.465543	-0.278919
-0.226577	0.323088	0.918845
-0.444679	-0.577083	0.685007
0.506844	0.57613	0.641236
0.0334031	-0.968327	0.247442
0.976322	0.167725	0.136612
0.375362	0.563081	0.736236
-0.962039	0.272859	-0.00538842
-0.11408	0.0709782	-0.990933
-0.279508	-0.960014	0.0157885
-0.796868	0.486102	-0.358757
-0.508497	0.331359	0.794753
-0.613939	0.143812	0.776142
-0.592167	-0.780726	0.199514
-0.508434	0.811448	0.288179
0.615049	0.788481	-0.0035666
-0.0232983	0.998577	0.0479684
-0.0544502	0.997565	0.0435856
0.185916	0.671415	0.717382
-0.417822	-0.889795	-0.183549
-0.296545	0.463266	0.835132
0.31925	-0.945358	-0.0661651
-0.827486	-0.560724	-0.0292339
-0.521612	0.0144676	-0.85306
0.422392	-0.410817	-0.80797
-0.964284	-0.0140656	0.264498
-0.334584	0.670003	-0.662684
-0.289621	0.499615	-0.816397
0.162962	0.911021	0.378794
-0.361428	0.409331	0.837746
-0.115782	0.981023	-0.155523
0.130187	0.966151	0.222717
-0.623196	0.781048	0.0398836
0.203557	-0.458423	-0.865108
-0.310676	0.948493	-0.0619797
-0.84457	0.384745	0.372389
-0.0269755	0.91658	0.39894
-0.377852	0.575548	0.725239
-0.984408	-0.174287	0.0237805
-0.850601	-0.416495	0.32095
-0.81706	-0.526745	0.23442
0.0928994	-0.384944	0.918252
-0.270293	-0.549379	0.790648
0.138193	0.977558	-0.159008
0.999168	-0.0365145	-0.0181594
0.690502	-0.633625	-0.348894
0.320247	-0.518213	0.79303
-0.0719699	-0.986199	0.1491
0.0482156	-0.958087	-0.28239
0.585602	-0.780523	0.218757
0.148025	0.685953	0.712431
0.637495	0.714212	-0.288966
0.259841	-0.619968	-0.740353
-0.461068	-0.869052	0.179346
0.304716	-0.712237	-0.632349
-0.122853	-0.264119	-0.956634
0.297414	-0.795102	-0.528542
-0.236379	0.791732	0.563282
-0.629711	-0.302219	0.715631
-0.710484	0.665359	-0.229148
-0.380265	0.885957	0.265479
-0.506479	0.491102	-0.70873
-0.293323	0.731005	-0.616112
-0.612166	-0.525335	0.590996
-0.580762	0.614891	-0.533503
-0.0355946	-0.225803	0.973523
-0.971505	-0.0814636	0.22258
0.512832	-0.197398	0.835486
-0.147072	-0.640299	0.753914
0.699001	-0.656763	-0.282949
0.31242	0.923058	-0.224406
-0.288807	-0.264179	0.920217
-0.00981908	-0.201966	-0.979343
0.983833	-0.0760039	0.162159
-0.340211	-0.733767	-0.588083
0.631112	0.756997	0.169271
-0.217765	-0.843785	0.490516
0.766447	-0.379168	0.51845
-0.774426	0.627156	-0.0833036
-0.944145	0.276821	-0.178775
-0.471652	0.0697837	0.879019
-0.417136	0.310026	-0.854331
-0.354209	-0.911073	0.210909
-0.722529	-0.680898	0.119702
0.131864	-0.1393	0.981431
-0.957506	-0.267231	0.10849
0.958097	-0.209951	0.194863
0.112523	0.212621	0.970634
0.124525	0.355376	0.926391
-0.291644	-0.843542	0.450978
0.384179	-0.707382	0.593311
-0.423083	-0.736113	0.528335
0.955579	0.251941	0.152952
-0.406479	-0.367953	0.836293
0.680054	0.59042	0.434662
-0.0335498	0.332153	0.942629
0.874296	0.136723	-0.46574
0.293161	-0.776946	0.557146
-0.225621	0.898252	0.377145
-0.372548	-0.756872	0.536985
0.619688	0.784838	0.00410361
-0.929087	0.262312	0.260747
-0.321981	0.815241	-0.481363
-0.32586	-0.934043	0.146217
-0.642285	0.754226	-0.136434
-0.809734	-0.32654	0.487548
-0.122899	-0.491438	-0.862198
-0.995395	0.0958063	-0.00325927
-0.863451	-0.00485987	-0.504409
0.0443511	-0.291824	0.955443
0.445011	-0.511575	0.735021
0.883072	-0.466556	0.0500956
0.726725	-0.675687	-0.123765
0.94221	0.021928	-0.334305
0.936024	-0.343013	-0.0787453
0.712623	-0.582649	-0.390754
0.416292	-0.818934	-0.395029
0.253744	0.945752	0.202898
0.863213	-0.344116	-0.369388
-0.964311	-0.237875	-0.116277
-0.341484	-0.28604	0.895304
-0.351788	-0.463728	0.813143
0.333206	-0.676964	0.656273
-0.655403	-0.754179	0.0407569
0.523108	0.849595	0.0674262
-0.435153	0.811108	0.390827
-0.345661	-0.886691	-0.30708
-0.398463	-0.910576	0.109902
-0.493726	-0.0107559	-0.869551
-0.349505	-0.891355	0.288673
0.867159	-0.497994	-0.0060787
0.417155	0.802957	0.425724
0.246778	-0.177167	-0.952739
-0.421992	-0.834033	-0.355403
-0.483097	-0.759191	0.436174
-0.580959	-0.155505	-0.79894
-0.246095	-0.0792497	-0.966
0.696969	0.214964	-0.684124
0.182956	-0.112164	0.976702
0.546388	-0.250919	0.799062
0.51767	-0.541332	-0.662554
0.999336	-0.0332017	-0.0150211
-0.868432	-0.0125318	-0.49565
-0.281148	-0.915918	-0.286443
-0.577489	0.0635507	-0.813921
0.039538	0.199484	-0.979103
-0.0429898	0.64914	-0.759453
-0.494988	-0.805659	0.325424
0.118021	0.729859	-0.673333
0.290424	-0.69928	-0.653193
0.892413	-0.0228535	0.45064
-0.00632094	-0.9983	-0.0579375
0.171281	0.179915	-0.968656
0.191247	-0.951091	-0.242591
0.426948	-0.778511	0.460039
0.617737	-0.780461	-0.0963374
0.580335	-0.447933	0.680123
0.413235	-0.670522	-0.616147
0.701277	0.161146	0.694436
0.165229	-0.981789	-0.0937497
0.653398	-0.5233	0.547018
0.598829	-0.0697877	0.797831
0.333815	0.686628	0.64584
0.179498	-0.251038	0.951189
0.758984	-0.309368	0.572917
0.276507	-0.502275	0.819307
0.69015	0.297196	0.659824
0.321272	-0.260888	0.910341
0.38337	0.908813	0.164576
0.846884	0.507716	0.158148
0.76735	0.636027	-0.0815071
-0.277931	-0.189316	0.941761
0.858011	0.193677	-0.475716
-0.327398	-0.644682	0.690793
0.917828	-0.395068	0.0389057
-0.339482	0.44039	-0.831149
-0.28335	0.594311	-0.752666
-0.17522	-0.480458	-0.859336
0.635687	-0.771711	0.0190702
-0.114909	-0.0670387	-0.991111
0.453236	-0.655624	0.603933
0.804396	-0.545183	-0.236057
0.387691	0.352833	0.851589
0.673621	-0.283586	0.682506
0.0841145	-0.743302	-0.663646
-0.831944	-0.533771	-0.15152
-0.919222	-0.370249	0.133964
-0.525716	-0.821186	0.221983
0.527736	0.849334	-0.0112807
-0.974256	0.207742	-0.0875745
0.469537	-0.786562	0.401067
0.708674	-0.568399	0.417975
0.497047	0.317404	-0.807588
0.892487	-0.426728	-0.146186
-0.195878	-0.0496524	0.97937
-0.481275	0.171769	0.859575
0.302651	-0.931932	0.199763
-0.337512	-0.941225	-0.013458
-0.078848	-0.618748	0.781623
0.257002	-0.959263	-0.117319
0.236181	-0.781294	0.577752
-0.153247	-0.332575	0.930543
-0.57478	-0.756782	0.311301
0.252008	-0.804823	0.537357
0.322013	-0.480944	0.815476
-0.96351	0.260998	0.0594
0.126961	-0.587074	0.799515
0.866123	-0.216575	0.450473
-0.747708	-0.558319	0.359462
-0.376611	-0.339855	0.861779
0.522001	-0.377583	0.764818
-0.658223	0.58594	0.472671
-0.427442	0.810577	0.400323
-0.372766	0.326234	0.868687
-0.15938	-0.418011	0.894352
0.962754	-0.259281	0.07667
0.284923	-0.0593753	0.95671
0.729719	-0.620618	-0.286956
0.00058868	-0.991762	0.128092
0.721501	-0.669365	0.177162
-0.611158	-0.0286569	0.790989
0.231483	-0.764564	0.601546
0.655446	0.532182	-0.535885
-0.894305	0.229606	-0.384057
0.367628	-0.722209	-0.585887
-0.331608	-0.714713	-0.61581
0.779133	-0.449	-0.437437
0.446507	0.10689	-0.888372
0.846003	0.372701	-0.381279
-0.162366	-0.98624	0.0311196
0.108043	-0.366999	-0.923925
-0.453651	-0.887648	-0.0792586
0.87195	-0.452271	0.187494
0.692252	-0.623763	-0.362914
0.777878	0.627691	0.0301627
-0.543256	-0.839555	0.00445426
0.127165	0.385442	0.913928
-0.0570202	-0.941651	-0.331725
-0.0105904	-0.888787	-0.458198
-0.700842	-0.70296	-0.12111
0.598554	0.163294	0.784263
-0.365956	-0.912268	0.183966
-0.747431	0.632207	0.204112
0.4286	-0.891665	0.145722
0.192982	0.0294406	0.98076
-0.281358	-0.05411	0.958076
-0.835767	0.538589	-0.10684
0.561877	-0.339032	-0.754554
-0.658063	-0.725568	0.201257
0.174262	0.968076	-0.180172
0.209982	-0.940038	0.26877
-0.550285	-0.613006	0.566931
-0.835835	-0.4423	0.325193
-0.469662	0.87353	-0.127922
-0.924128	-0.311287	0.221557
0.193114	0.33669	0.9216
-0.461304	-0.833367	0.304465
0.753364	-0.149984	0.640271
-0.232866	-0.497896	0.835388
-0.533671	0.0722876	0.842597
0.352455	0.657744	0.665694
0.654986	-0.487519	0.577338
-0.847921	-0.384723	0.364717
-0.142067	-0.975096	0.17031
0.818546	0.571693	-0.0561266
-0.762208	0.646588	0.0310241
0.487664	-0.014983	-0.872903
0.119493	-0.990478	0.0683746
-0.509792	0.859954	-0.0242998
-0.566629	0.69025	-0.449986
0.376185	0.419582	-0.826097
0.142226	0.972291	0.185532
0.167317	0.985075	0.0403985
-0.289768	0.937862	0.190917
-0.349695	0.912349	0.212916
0.50167	0.826886	0.25414
0.238268	0.934057	0.266017
0.777158	0.298772	0.553861
0.292835	-0.551266	-0.781251
-0.24559	0.143501	-0.958693
-0.294595	0.0201515	-0.95541
-0.440399	0.0436089	-0.896742
0.421954	0.903924	0.0698294
0.522434	0.659593	-0.54037
0.555952	0.617826	0.556065
-0.0613037	0.920712	0.385397
0.336727	0.922478	-0.188812
-0.559605	0.486097	0.671231
-0.307079	0.917737	-0.251916
0.611561	0.625277	0.48479
-0.435785	0.802695	0.40715
0.245367	0.317063	0.916115
-0.34666	0.660126	0.666378
0.496403	0.116234	-0.860276
-0.651923	0.593585	0.471862
0.411816	0.891711	0.187773
-0.210217	0.723449	0.657595
-0.855294	0.334749	0.395495
-0.746395	0.0859237	-0.659933
-0.762151	-0.47563	0.439206
-0.819545	0.203082	0.535821
0.886692	0.442385	-0.134433
-0.182341	-0.390282	0.902459
-0.901788	0.431064	0.0310146
-0.423027	0.0471074	-0.904892
-0.64097	0.67439	0.366545
-0.954048	-0.0269889	-0.298437
-0.841705	0.528931	0.108465
-0.816634	-0.135942	0.560917
-0.624602	0.733641	-0.267662
-0.995781	0.0867231	0.0299789
-0.350793	0.785903	-0.509216
-0.941391	-0.026905	0.336244
-0.25048	0.712067	-0.655912
-0.612369	0.790044	-0.0289086
0.276174	-0.408992	-0.869743
-0.695908	0.711721	-0.0957409
-0.832892	0.537325	0.132563
0.937447	-0.263205	-0.22785
0.795684	-0.0849792	-0.599721
0.794367	0.475197	0.378376
-0.245317	0.946085	0.211523
0.808655	0.562664	-0.171718
0.195369	0.96202	-0.190651
-0.33446	-0.136386	-0.932489
0.813565	0.0660791	-0.577706
-0.532251	-0.119047	-0.838175
0.053529	0.997607	-0.0437625
0.279016	0.837203	0.470362
0.0382343	0.93376	-0.355851
0.954229	-0.0764893	0.289131
-0.570696	0.779072	0.259524
-0.508424	0.752848	0.418002
-0.725208	-0.0311092	-0.687826
0.660378	0.672481	-0.33417
-0.473959	-0.688787	-0.548576
0.652294	0.751469	0.0990342
-0.0974456	0.0601792	0.99342
0.17243	0.621965	-0.763824
-0.486222	0.866738	0.111149
-0.901672	0.14529	0.407282
0.363571	-0.565181	-0.740531
0.163384	-0.0667282	-0.984303
-0.394491	0.784369	0.478688
-0.277059	-0.895331	-0.34874
0.7279	0.621784	-0.289044
0.0750796	-0.488801	0.869159
-0.194575	0.975744	0.100318
0.908112	0.408667	0.0912334
0.264293	-0.257966	-0.929302
-0.355902	0.875909	-0.325757
-0.604487	0.552261	-0.574111
0.188057	0.195053	-0.962595
0.0526692	-0.0326342	-0.998079
0.181076	-0.840178	-0.511188
-0.31471	-0.648967	-0.692675
-0.210566	-0.674378	-0.707726
0.496479	-0.719842	0.485115
0.186228	-0.567978	-0.801698
0.236708	-0.0537363	-0.970094
0.66888	-0.687274	0.283292
-0.590884	-0.803623	-0.0710381
0.504099	-0.863508	-0.0154417
-0.117925	-0.971548	-0.205396
0.0502297	-0.665875	0.744371
0.00522803	-0.688122	0.725577
0.908095	0.0219843	-0.418186
-0.543562	-0.347244	-0.764174
-0.794128	-0.567132	0.218452
-0.981995	-0.187011	-0.0266807
-0.434598	0.649297	0.62413
0.930781	0.147077	-0.334687
0.364031	0.859691	-0.358349
0.0874351	-0.899332	-0.428436
-0.631142	-0.44592	-0.634677
0.54361	-0.787592	0.290149
0.509715	-0.857237	-0.0730469
0.552481	-0.826924	0.104702
0.493681	-0.721404	-0.48565
0.920786	-0.39001	-0.00670473
-0.087557	0.381481	0.920221
0.218221	0.2041	0.954318
0.233608	-0.276163	0.932288
0.958388	-0.195315	-0.208194
-0.44564	-0.358785	0.82017
-0.491723	0.635483	0.59529
0.487051	0.525435	0.697639
-0.303603	0.756217	0.579621
-0.93957	0.163543	-0.300769
-0.805216	0.234852	-0.544492
-0.54999	-0.414269	-0.725185
-0.38753	0.147523	-0.909977
0.273029	0.307555	-0.911518
-0.235894	-0.113352	-0.965145
-0.233471	-0.64248	-0.729871
-0.86612	-0.334221	-0.371662
-0.066571	-0.121705	-0.990331
0.274705	-0.740054	0.613887
-0.0096151	0.999471	-0.031078
0.640308	0.583335	-0.499726
0.14525	-0.786679	-0.600033
-0.253907	0.965436	0.0588511
-0.261197	0.645098	0.71807
0.09349	0.550461	-0.82961
0.212714	0.547087	-0.809598
0.731139	0.680685	-0.0458587
0.352974	0.676659	-0.646175
-0.496455	-0.0499414	0.866624
0.158827	-0.371765	0.914639
-0.928684	0.268107	-0.256253
-0.270233	-0.882621	0.384649
0.0654729	-0.334566	-0.940095
0.142141	-0.255809	0.95622
-0.786084	0.0274023	-0.617512
0.420489	-0.20505	0.883823
0.403183	0.0125403	-0.915033
-0.234974	-0.521613	0.820187
-0.170924	-0.020984	-0.985061
-0.167865	-0.535537	0.82766
0.751021	-0.657621	-0.059178
-0.861493	0.419435	0.286189
-0.695179	0.025485	-0.718385
0.974835	0.220311	0.0340602
-0.368212	-0.919608	0.136901
0.391779	-0.480354	0.78471
0.579978	-0.759491	0.294618
0.251053	0.315561	0.915092
-0.230284	0.718089	-0.656747
-0.452223	0.0491634	0.890549
0.14211	0.739563	-0.657915
-0.222154	0.973526	-0.0538072
-0.674409	0.438925	-0.593731
-0.486996	-0.265227	0.832159
-0.831642	0.554811	0.0235723
-0.633346	-0.115751	-0.765163
-0.689987	0.266923	0.672807
-0.792499	-0.561508	-0.238024
-0.982073	-0.0362004	0.184991
0.151364	0.661144	-0.734831
-0.184362	0.774883	-0.604622
-0.548975	0.00810798	-0.835799
0.1187	0.992914	0.00561749
-0.710672	0.257489	-0.654709
-0.22328	0.793687	-0.565869
-0.232875	-0.741386	-0.629377
0.246089	0.964092	0.0998313
-0.857745	0.133424	-0.496459
-0.69682	0.567302	-0.438874
-0.387825	0.259474	0.884458
-0.33032	0.833594	0.442729
-0.335731	0.729573	0.595826
-0.00222007	0.813097	0.582123
-0.183647	0.653332	0.73446
-0.0416499	0.939627	0.339657
-0.246437	0.930564	0.270778
-0.618904	0.137051	0.773417
-0.817301	0.480024	0.318742
-0.734452	0.39825	0.549525
0.905947	0.341266	-0.250593
0.584701	-0.24091	0.774653
-0.288167	0.924958	0.247814
-0.960882	-0.256094	-0.105465
-0.901271	0.124537	0.414971
-0.705279	0.328645	-0.628152
-0.74911	0.111402	-0.653011
0.651918	0.732295	-0.196841
-0.413127	-0.371131	-0.831618
-0.801085	-0.0711626	-0.594305
0.969283	0.0832755	-0.231421
-0.992953	0.0292997	-0.114827
-0.0984548	0.160826	-0.98206
0.181565	-0.395616	0.90029
0.912662	0.355078	-0.202404
-0.641588	-0.654092	-0.40066
-0.687929	0.721445	-0.0791852
0.969456	0.239401	0.0533073
-0.799122	0.0935862	-0.593839
0.927437	0.0357349	-0.372267
0.525179	0.607201	-0.596233
-0.178967	0.983812	0.00924358
-0.550775	0.540369	-0.636119
0.0497552	-0.645659	0.762004
0.81197	-0.191381	0.551433
0.766976	0.276841	0.578884
0.750525	0.205821	0.627973
0.5829	-0.67243	0.456142
0.593731	-0.802569	0.0580276
-0.181736	-0.389585	0.902882
0.0414313	-0.180667	0.982671
-0.869431	0.21707	0.443813
-0.144007	-0.300144	0.942961
-0.212256	0.08353	0.973638
-0.859949	0.357962	0.363801
-0.901894	0.375366	-0.213746
-0.67782	0.52657	0.513113
-0.578516	0.213595	0.787208
-0.972034	0.125986	0.198185
-0.878787	0.23063	0.417784
0.443523	0.00339629	0.896256
-0.0822616	0.810674	0.57969
0.196183	0.623566	0.756755
-0.263401	0.61949	0.739495
0.401113	0.898883	0.176403
-0.208695	0.977976	0.00300728
0.166232	0.767079	0.619643
0.372826	-0.21597	0.902418
-0.0554339	0.843089	0.53491
0.176185	-0.208412	0.962041
0.135704	0.940549	0.31137
-0.237188	0.103561	0.965928
0.153486	-0.714748	0.682332
0.0570606	0.2595	-0.964056
-0.522412	0.749674	-0.406295
-0.134701	0.213248	-0.967668
-0.214795	0.966978	-0.137172
-0.31932	-0.185027	0.929408
-0.538141	0.661223	-0.522674
0.866391	-0.230407	0.443034
-0.414676	0.789447	-0.452568
0.718995	0.428721	0.547032
0.26371	0.949857	0.168012
-0.00120762	0.995423	0.095562
0.371443	0.628044	0.683806
0.963018	-0.24514	0.111814
-0.893375	0.179422	0.411932
0.408078	-0.336389	0.848714
-0.911728	-0.225466	0.343391
0.241362	0.969925	0.0314723
-0.223664	-0.283929	0.932394
0.653702	-0.664323	-0.36242
0.760531	0.302835	-0.574355
0.655814	-0.0186243	0.754693
0.974209	0.169661	0.148765
0.896359	0.242414	-0.371181
0.374069	0.53025	0.76086
-0.423957	-0.4932	0.759614
-0.800459	0.182728	-0.570856
0.0860503	-0.664158	-0.742623
-0.272034	-0.936707	0.220401
0.429072	-0.210214	-0.878469
0.928868	0.225609	0.293777
0.644295	-0.28323	-0.710398
-0.822139	0.153671	-0.548154
0.0499382	-0.102095	-0.99352
-0.0495941	0.560528	-0.826649
0.032233	-0.47359	0.880156
0.469344	0.300536	0.830298
-0.0209527	0.83057	-0.556519
0.816592	-0.018049	0.576933
-0.225514	-0.107779	-0.96826
0.086504	-0.4933	0.865547
0.519699	0.766322	0.377709
0.659326	0.0989083	0.745323
0.819391	0.561567	0.115069
-0.0332179	0.996117	-0.0815377
0.360679	0.565256	0.741887
-0.0489136	-0.356055	0.933184
-0.265261	-0.376363	-0.887687
-0.175493	0.74848	-0.639515
0.348345	-0.0392215	-0.936545
-0.933152	-0.316796	-0.169908
-0.427723	0.436302	0.79164
-0.117936	0.911451	0.394143
-0.429778	0.804312	0.410332
-0.98359	0.0258567	0.178555
-0.0336527	0.934589	0.354134
0.617625	-0.0407054	-0.785419
0.737527	-0.22296	-0.637451
0.883938	0.349063	-0.311142
0.19098	-0.495361	-0.847434
0.892933	-0.444328	0.072416
-0.176947	-0.603317	-0.777624
0.916501	-0.275456	0.290087
-0.487804	-0.250041	-0.836377
0.577994	0.585756	0.568166
0.293774	0.841787	-0.45287
0.611517	0.710545	-0.348099
-0.371487	-0.430015	-0.822851
-0.133837	0.904307	0.405359
-0.609298	-0.161162	-0.776391
-0.506612	0.860522	0.0533395
-0.582632	0.116447	0.80435
-0.822016	0.266644	0.503181
0.679482	0.702705	0.210975
0.967799	0.248936	0.0373505
0.619828	0.651978	-0.436736
0.0716336	0.807551	-0.585432
0.874881	0.295709	0.383587
0.0706313	0.67285	-0.7364
-0.548838	0.314626	0.774459
-0.785174	0.355761	-0.506888
0.205068	0.328975	-0.921804
0.915447	-0.400946	0.0346165
0.791628	0.140178	0.594706
0.590681	-0.776674	-0.218798
-0.137861	-0.864913	0.482618
0.246103	0.667059	0.703183
-0.121434	0.966436	0.226397
-0.189598	0.527179	-0.828333
0.336211	0.280956	-0.898903
0.994242	-0.0992463	0.0403994
0.620856	-0.631995	-0.463811
0.444556	-0.0762698	-0.892498
0.457097	0.817633	-0.350055
0.931717	-0.138154	0.335882
0.734639	0.408283	-0.541858
0.0300213	0.976278	0.214429
0.795329	-0.576898	-0.186118
0.0911296	0.716592	0.691514
0.034847	0.489154	0.871501
-0.0454229	-0.997442	0.0551925
-0.838387	-0.542934	0.0482722
0.743501	-0.552815	0.3763
0.430092	-0.609367	0.666103
0.306659	0.125922	-0.943453
0.475515	-0.559324	-0.679001
-0.447584	0.797155	0.405231
-0.861842	0.482805	0.155329
0.452345	0.847245	0.278498
0.97652	-0.022365	0.214261
0.807604	0.278594	0.51977
0.584946	0.719279	-0.374802
-0.431339	-0.248023	-0.867428
0.98568	-0.0627539	-0.156517
0.606359	-0.532545	-0.590529
0.949215	0.301545	-0.0897804
-0.17965	0.983722	-0.00414363
-0.194488	-0.395536	0.897622
0.177756	-0.867977	0.4637
-0.324051	-0.774058	0.543898
-0.704907	-0.667431	-0.240086
-0.0641261	-0.367584	0.927777
-0.315845	-0.899366	0.302295
-0.110453	-0.490393	0.864474
0.373625	-0.903744	0.208931
0.878326	-0.427777	0.213424
0.729376	0.6556	0.195448
0.3167	-0.827015	0.464486
0.553366	-0.626813	0.548536
-0.866763	-0.479667	-0.136535
-0.00501067	-0.933226	0.359255
-0.521988	-0.718335	0.459916
-0.715221	0.220811	0.663099
-0.620308	-0.784357	0.00119024
-0.544384	-0.237382	-0.804547
-0.48454	-0.871578	-0.0746528
-0.62368	-0.310737	0.717263
-0.369557	-0.38588	-0.845295
0.564371	-0.8021	0.195245
-0.565896	-0.823849	0.032168
0.26492	-0.915671	-0.302265
-0.623566	-0.456141	-0.634902
-0.401211	0.874793	0.271601
-0.729779	-0.650825	0.209404
-0.850257	-0.201784	0.486154
0.261023	-0.37946	0.887624
0.705155	-0.704763	-0.0778768
0.718625	-0.523274	0.457998
-0.80493	-0.566572	0.176306
-0.506033	-0.855324	0.111139
-0.473082	-0.497528	0.72709
-0.797009	-0.603738	0.0166732
-0.74726	-0.458846	0.480689
-0.832518	-0.034883	0.552899
-0.392471	-0.00674801	0.91974
0.25983	-0.868352	0.422437
-0.131554	-0.962242	0.238292
0.51871	-0.679412	-0.518978
-0.283819	-0.633671	-0.719658
0.286355	-0.936818	-0.20093
0.827746	-0.0806713	-0.555274
0.306061	0.358155	0.882072
-0.0160477	0.988125	0.152812
0.890548	0.413687	0.189174
-0.389217	0.286461	0.875472
-0.481069	0.396195	0.78205
0.778725	-0.620432	-0.0930147
-0.313903	0.0243604	0.949142
0.471963	-0.87794	-0.0804523
-0.941593	-0.0791909	0.327308
-0.299423	0.94047	0.160817
-0.430985	-0.714561	0.551049
-0.464448	-0.884981	-0.0331258
-0.0273595	0.9358	0.351468
-0.601884	0.354349	-0.715662
0.65691	0.502342	-0.562247
0.382281	-0.814771	-0.435901
0.113267	0.715	-0.689888
0.720722	0.329707	-0.609797
0.414995	-0.791735	0.448257
-0.0317339	-0.948045	-0.316548
-0.053988	-0.965268	-0.255621
-0.243386	-0.925828	0.289146
0.482726	-0.615615	0.622892
-0.108147	-0.893509	-0.435827
-0.956754	0.275306	-0.09396
-0.637928	-0.725705	0.257682
0.411968	-0.852871	-0.320772
-0.207454	-0.958444	0.195825
-0.0712594	-0.915784	0.3953
-0.420489	-0.906778	0.0307086
0.184775	-0.0609853	-0.980887
-0.427367	-0.324496	-0.843836
-0.300691	-0.401702	0.864997
-0.818652	0.284017	-0.499142
0.436925	-0.879329	-0.189415
-0.853856	-0.517423	0.0565952
0.589883	-0.805298	0.0594442
0.113144	0.0338761	-0.993001
-0.14184	-0.219776	-0.965184
0.263825	0.650124	-0.712555
0.733436	-0.660434	-0.160931
0.333152	-0.188699	-0.923798
-0.401694	-0.462202	-0.790577
0.00265397	0.126875	-0.991915
-0.966275	0.254525	-0.0391077
0.697813	0.574236	-0.428147
-0.617324	0.584947	-0.526069
0.0213023	0.934096	-0.356387
-0.833955	0.179053	-0.521977
0.059652	0.173282	0.983064
-0.267519	0.960977	0.0704124
-0.29946	0.789335	0.535979
-0.236495	-0.853415	0.464492
-0.620565	0.189325	0.760957
-0.114053	-0.916255	-0.384017
0.815577	-0.575769	-0.0576645
-0.321983	-0.107616	0.940609
0.588497	-0.788094	0.180496
-0.461341	0.390641	-0.796595
0.48213	0.865272	-0.137313
-0.502686	0.289648	0.8145
-0.782216	-0.614816	-0.100693
0.196549	-0.97849	0.0626553
0.633855	0.499499	0.590533
-0.153343	-0.824499	-0.544691
0.83544	-0.33045	0.439138
-0.480643	-0.677285	0.557017
-0.360043	-0.929532	0.0796152
-0.671171	0.0278105	-0.740781
-0.309607	0.496244	-0.811101
-0.437326	0.837474	-0.327693
0.949739	0.265086	0.166507
0.252142	-0.907543	0.335842
-0.0854322	-0.963972	-0.25191
0.0103151	-0.616838	-0.787023
-0.0382207	-0.86413	-0.501816
-0.642638	0.438492	-0.628284
-0.63519	-0.197546	-0.746665
-0.00333533	-0.987772	-0.15587
-0.545902	0.837464	-0.0253811
-0.418435	0.155282	-0.894874
-0.760861	-0.157074	0.629617
0.177072	0.622231	0.762544
-0.190915	0.893648	0.406133
-0.570678	-0.281586	0.771386
0.137502	-0.1573	-0.977932
-0.938678	-0.108712	0.327209
0.110515	0.817919	-0.56462
0.0578658	0.590881	-0.804681
0.329816	0.31799	-0.888878
-0.0289633	0.885677	-0.463398
-0.10426	0.942961	0.316155
-0.021925	0.99886	-0.0423968
0.389999	-0.894515	0.218504
-0.853318	-0.072876	-0.516273
-0.843166	-0.395099	0.364648
-0.805636	-0.456677	-0.377356
-0.940952	0.162571	-0.29695
-0.792711	-0.468588	-0.389917
-0.190332	-0.902051	-0.387399
-0.84229	-0.272879	0.46485
-0.616906	-0.777129	0.124491
-0.475212	-0.750721	0.458902
0.0851845	-0.761851	-0.642126
-0.531203	-0.355423	0.769089
-0.864162	-0.502669	0.0234246
-0.780404	-0.159313	0.60464
-0.144257	-0.981616	-0.124977
-0.366884	-0.626877	0.68733
-0.47338	-0.427968	-0.769906
-0.901807	0.134317	0.410735
-0.997732	0.0583628	0.0335363
-0.722907	0.632593	-0.277905
-0.951477	-0.101643	-0.290447
-0.97636	0.195906	-0.0913358
-0.773277	-0.59382	-0.222306
0.362599	0.266423	-0.893051
0.402117	0.79482	-0.454491
0.944916	0.3225	-0.0559265
-0.829507	0.353489	-0.432394
0.628844	0.723884	-0.283809
0.683803	0.442839	-0.57992
0.760472	0.572488	0.306496
-0.492644	-0.569423	-0.658072
0.538191	0.603118	0.588727
0.43188	-0.512506	-0.74217
0.800892	0.482415	-0.35475
0.122822	-0.755136	-0.643959
-0.179199	-0.983295	-0.0319127
-0.61588	-0.573322	-0.540364
0.417254	-0.745837	-0.519255
-0.0229412	0.269122	-0.962833
0.191871	0.869998	-0.45419
-0.747252	-0.654144	-0.117087
-0.0791428	0.166919	-0.982789
-0.758825	0.622736	-0.190747
0.220231	0.381877	-0.89759
-0.0312749	-0.987873	-0.152082
-0.402343	-0.592803	-0.697642
-0.254538	0.497964	-0.829001
-0.89034	0.45391	-0.0355098
-0.849664	-0.325426	-0.414932
-0.688868	-0.724176	-0.0321095
-0.0138301	0.168607	-0.985586
0.00540748	-0.335544	-0.942009
-0.691402	-0.569709	-0.444292
-0.130727	-0.785998	-0.60425
-0.199896	-0.861589	0.46659
0.999618	-0.0275965	-0.00176408
0.0778946	-0.00735596	-0.996934
-0.692616	0.0879205	-0.715928
0.531009	-0.520208	-0.66889
0.344735	-0.913912	0.214295
0.710883	-0.105075	-0.695417
0.725753	-0.683485	-0.0783055
0.147561	0.987104	0.0620549
0.139781	0.595081	-0.791417
0.135406	-0.121346	-0.983331
0.623521	0.627521	-0.466304
-0.757972	-0.168361	-0.630185
0.54184	-0.0139005	-0.840367
-0.431713	-0.701049	0.567586
0.0710658	-0.599471	-0.797235
-0.165991	-0.394836	0.903632
0.0149516	0.280155	-0.959838
0.101914	0.766916	-0.633603
0.371615	0.828351	-0.419209
0.364909	0.365253	-0.856406
0.544373	-0.280676	0.790493
0.0326654	-0.704494	0.708957
-0.0276822	-0.142064	0.98947
0.108965	-0.940534	0.321748
0.689757	-0.699482	0.186975
0.154142	-0.413848	0.897201
0.828615	-0.521821	0.202728
0.564842	-0.78298	-0.260568
-0.193383	0.49337	0.84805
-0.592261	-0.179486	-0.785501
0.398776	0.896687	0.192172
0.556939	0.0038842	-0.830544
0.642489	0.344274	-0.684604
0.146423	0.943397	0.297596
0.970543	-0.103738	-0.217452
0.782359	-0.202848	0.58887
0.768707	0.129396	-0.626375
0.996198	-0.0140661	0.0859805
0.861145	-0.415261	0.293238
0.939508	-0.020569	0.341908
0.813571	-0.0794943	-0.576006
0.418785	-0.761527	0.494667
0.812162	-0.487581	0.320403
-0.640948	0.767573	-0.0041884
0.162516	0.628886	0.760323
-0.379783	0.0702401	-0.922405
-0.589342	0.7207	0.365058
-0.475514	0.769578	-0.426187
-0.716342	-0.096784	0.691004
-0.811828	0.583101	-0.030457
-0.59606	-0.447245	-0.666846
-0.839592	-0.504561	0.201255
-0.579314	0.271878	-0.768426
0.844371	0.0151212	-0.535546
0.417815	0.2127	0.883283
0.225449	0.825836	-0.516884
-0.017168	0.846553	0.532027
-0.507868	0.739074	0.442537
0.838491	-0.00542731	0.544889
-0.290606	0.126738	0.948412
0.410812	0.490316	-0.768651
0.198746	0.293193	-0.935167
0.877384	-0.384101	0.287514
0.913028	-0.311619	0.263197
-0.193529	0.0973395	0.976254
-0.552	-0.709398	-0.438235
0.719562	0.539738	0.436937
-0.399759	-0.902825	0.158432
0.849315	0.0996312	0.5184
-0.478808	-0.839522	0.256797
-0.0645791	0.539688	0.839384
0.797605	-0.291852	-0.527872
0.767496	-0.404745	0.497124
-0.33407	0.941812	-0.0372394
0.35171	0.38512	-0.853219
0.0637013	0.448716	0.891401
0.423709	0.689397	0.58754
0.335855	0.640459	0.690662
0.43027	0.212491	-0.877334
0.572596	0.305183	0.760919
0.797554	0.285194	-0.531574
0.745186	0.510658	0.428866
0.740794	0.407346	0.534128
0.791661	-0.381999	-0.476812
0.788609	-0.157823	-0.594295
-0.0806677	-0.877995	-0.471824
0.514808	0.0871423	-0.852865
0.0100054	0.204719	-0.97877
-0.585345	-0.80041	0.129286
-0.743917	-0.1404	0.653356
-0.481253	-0.875848	-0.0358615
0.469241	-0.641346	-0.607033
-0.572182	-0.282109	-0.770079
0.86621	0.489452	-0.100579
-0.222067	0.90899	0.352736
0.682066	0.10047	-0.724356
-0.860064	-0.162031	0.483772
0.136765	-0.300141	0.94404
0.0888333	-0.901761	0.423008
0.155838	-0.0530632	0.986356
0.968228	-0.23467	0.0863974
0.832555	-0.105478	0.543808
0.704572	0.502058	-0.501514
0.821969	-0.05397	-0.56697
0.56771	-0.0121777	-0.823139
0.527424	0.203266	0.824928
0.657549	0.629354	0.414176
0.448863	0.386666	0.805613
-0.190075	-0.725742	0.661189
0.120961	0.529439	0.83968
-0.192306	0.692308	0.695506
0.564296	0.761418	-0.31908
-0.370514	-0.285343	-0.883911
0.890246	-0.331381	-0.312487
0.873877	-0.484217	-0.0432841
0.245699	0.0044781	0.969336
0.957998	0.0907281	-0.272043
0.937081	-0.252197	-0.241406
0.87769	-0.163419	0.450504
-0.601365	-0.617596	0.506888
-0.394881	0.85223	0.34318
-0.846775	-0.251978	0.468486
0.406577	-0.877828	-0.253206
-0.705133	0.365594	-0.607559
0.301574	0.216488	-0.92854
0.517492	-0.214002	-0.828496
-0.565882	-0.592558	0.573282
-0.743834	-0.650493	0.153526
0.220371	0.966571	-0.131061
-0.26793	0.894453	-0.358005
0.38787	0.770269	-0.506204
-0.280207	0.860323	-0.425826
0.400964	0.729778	0.553762
-0.813139	0.581887	-0.0145783
0.557431	0.80829	0.189571
0.714813	0.484703	0.504089
-0.599316	0.549659	-0.581975
0.060908	0.223836	0.972722
0.967609	0.0291132	0.250771
0.175586	0.118233	0.977338
-0.696019	-0.340953	0.631908
0.52216	-0.474323	0.708778
0.400656	0.372012	0.837306
0.484602	-0.799379	0.355182
0.811872	0.543728	0.21266
0.684848	-0.453146	0.57065
0.819805	-0.568853	0.0657769
-0.303728	-0.726324	-0.616606
0.834339	0.512211	-0.203762
0.15485	0.0277443	0.987548
0.87516	0.167775	-0.453814
-0.563148	-0.673244	0.479173
0.04471	-0.0174001	0.998848
0.220496	-0.145225	0.964516
-0.574189	0.137817	-0.80704
0.056065	-0.673322	0.737221
-0.1654	0.600982	-0.781961
0.498292	0.632425	0.593079
-0.328577	0.933207	-0.145468
0.847135	-0.0347748	0.530238
0.986246	0.133722	0.0971497
0.529502	0.1182	0.840034
0.754469	-0.619121	-0.217866
0.051757	-0.86588	0.497567
0.753226	0.634732	0.172525
0.508392	-0.0142507	0.861008
0.617741	-0.766689	0.174884
0.676953	0.583029	-0.449235
0.212885	0.265403	0.940341
0.0863912	-0.593866	0.799912
0.0991419	-0.0614718	0.993173
0.266878	-0.813258	0.517095
0.621654	0.478909	-0.619833
-0.0963867	-0.991248	0.0902066
0.126683	-0.325209	-0.937118
-0.109949	0.264949	0.957974
-0.499293	-0.574248	0.648803
0.0885348	-0.128216	0.987787
0.276688	-0.950435	0.141838
0.53063	-0.426435	0.73252
0.34728	-0.739999	0.57602
-0.442543	0.110978	-0.889854
0.676023	-0.736299	-0.0292736
-0.408885	-0.777613	-0.47763
-0.966287	0.255976	-0.0276697
0.731159	-0.665414	-0.150433
-0.182532	0.563784	0.8055
-0.0331026	-0.663516	-0.74743
0.286593	0.855651	-0.43096
0.67846	0.596599	-0.428674
0.056297	-0.633295	-0.771861
-0.638707	-0.435275	0.634499
-0.0819948	0.877242	0.472993
0.39767	-0.732218	-0.552915
