2175
-0.854277	0.434869	0.284781
-0.450503	0.0483585	0.891464
0.144989	-0.709631	0.689494
-0.0799979	-0.125241	0.988896
-0.859119	-0.340782	0.381814
-0.315766	-0.57878	0.751868
0.571151	-0.554522	0.60522
-0.800353	0.478555	0.361137
-0.38711	0.61513	0.686849
0.0373442	-0.610872	0.790848
0.359658	0.578462	0.732139
0.483599	0.67152	0.561419
-0.017194	0.893137	0.449456
-0.256784	0.852342	0.455604
0.411856	0.366712	0.834205
-0.121856	0.991661	0.04194
-0.175233	0.0603619	0.982675
0.220861	0.825012	0.520168
-0.378479	0.421078	0.824286
-0.879471	-0.0568439	-0.472545
-0.758274	0.639787	-0.125274
-0.461661	0.658323	-0.594541
-0.754836	0.635707	0.161553
-0.913004	-0.397431	-0.0920429
-0.406976	0.46908	-0.783795
-0.663354	0.277959	-0.694766
-0.441604	0.862378	-0.24757
-0.741738	-0.442177	-0.504285
-0.11625	0.864172	-0.489584
-0.961884	0.0331934	-0.271437
-0.363644	-0.00554137	-0.931521
-0.55019	0.823431	0.138749
0.0828769	0.9873	-0.135536
-0.710478	0.0721495	-0.700011
-0.783085	-0.261959	0.564053
-0.0896576	0.358493	0.929217
0.693647	0.57492	-0.43396
0.548643	0.21762	-0.807237
0.953214	0.300355	-0.0341921
0.305236	0.618543	-0.724041
0.820927	-0.345969	-0.454295
0.693915	0.0347581	0.719218
0.973665	-0.0957717	-0.206891
0.478029	0.865646	0.148816
0.44449	0.248946	0.860497
0.980031	-0.12342	-0.155907
0.512813	0.369149	0.775082
0.725863	0.643684	-0.242473
0.0381197	0.502013	0.86402
0.664144	-0.121667	-0.737638
0.509401	0.397991	0.762964
-0.660393	0.711084	0.24133
0.515545	0.851966	-0.0914772
-0.850414	0.522	-0.0656701
0.704933	0.696631	-0.133325
-0.503754	0.863651	-0.0183885
-0.694069	0.643629	0.322507
-0.678956	0.630463	-0.376211
-0.828897	0.304621	-0.469186
0.0331358	0.711041	-0.702369
-0.347653	0.883291	-0.314538
-0.660656	-0.606946	-0.441758
-0.246963	-0.749463	-0.614259
-0.389322	-0.732899	-0.557931
0.195232	-0.273732	0.941783
-0.600694	-0.750193	-0.276365
-0.0963836	0.83242	-0.545699
-0.330745	0.909904	-0.250367
-0.764147	0.638731	-0.0900128
0.614273	0.256266	-0.746322
0.674085	-0.23604	-0.699925
-0.140094	0.238882	-0.96089
0.384121	-0.635205	-0.670049
-0.775906	-0.626255	0.075995
-0.72647	0.33586	-0.599533
-0.902243	-0.280619	-0.327431
-0.0155799	0.938542	-0.344812
-0.64088	-0.343711	0.686393
-0.847257	-0.0223688	-0.530711
-0.0786127	0.410007	-0.908688
-0.419859	-0.813048	0.403324
0.189648	-0.379138	-0.905698
-0.729558	-0.503731	-0.462602
0.275554	0.449101	-0.849928
0.947724	-0.0469765	-0.315614
0.174727	-0.793875	0.582437
0.877054	-0.108272	0.468032
0.158518	-0.579914	-0.799107
0.53402	-0.721597	0.44059
0.332428	0.936011	-0.115653
0.720108	0.647658	-0.248965
0.790363	0.607038	-0.0826497
-0.718548	-0.126941	-0.683794
-0.656068	-0.75452	0.0165421
-0.253881	0.667229	-0.70025
-0.883335	0.413927	-0.219964
0.54497	0.582987	-0.602606
0.757481	0.651432	0.0431151
0.717294	0.617568	-0.322644
0.557679	-0.611772	-0.561008
0.743574	-0.636654	-0.204379
0.810831	-0.430722	-0.396272
0.747123	-0.6556	-0.109527
0.855396	-0.278074	0.437004
0.752552	-0.59147	0.289531
0.692778	-0.377163	-0.61466
0.6027	-0.797513	0.0269351
0.428089	-0.783571	-0.450286
0.631613	0.237288	-0.738078
0.835063	0.083303	-0.543811
0.77761	-0.0621045	-0.625672
0.263042	0.0253062	-0.964452
0.322096	-0.73574	-0.595769
0.12734	-0.932272	-0.338604
-0.0180426	0.729123	-0.684145
0.57989	-0.207104	-0.787931
0.038278	-0.586563	-0.808998
0.408137	-0.320087	-0.854967
0.219431	-0.432251	-0.874648
0.78695	-0.179294	-0.590393
-0.85948	0.393679	-0.326054
-0.278587	0.419286	-0.864053
0.291404	0.254524	-0.922118
0.205801	0.314648	-0.92663
0.238854	0.518874	-0.820803
0.737631	-0.663827	0.123426
0.821116	0.251966	-0.512135
-0.281001	0.202744	-0.938048
-0.3728	0.217105	-0.902156
-0.152434	-0.142602	-0.977972
-0.923352	-0.277808	-0.265036
-0.568586	-0.189836	-0.80042
0.92433	-0.0467072	-0.378725
0.644138	-0.603958	-0.469384
0.448054	-0.581799	-0.678791
0.369496	-0.773525	-0.51491
0.594185	-0.5431	-0.593284
0.282579	-0.897792	-0.337814
-0.153106	-0.290766	-0.944465
0.617861	-0.402435	-0.675495
0.589631	-0.787832	0.177922
0.135584	-0.867709	-0.478223
0.972882	-0.0603473	-0.223289
0.696702	-0.715728	-0.0483726
0.751328	0.290381	0.592609
0.184678	0.165951	-0.968687
0.420755	-0.69502	-0.58302
0.165317	-0.925139	-0.341743
0.190363	-0.727677	-0.658975
-0.00931987	-0.92938	-0.369007
-0.314659	-0.745115	-0.588042
0.190348	-0.979385	-0.0676191
-0.322006	-0.831084	-0.453444
-0.320414	-0.920213	-0.224819
-0.524839	-0.812752	0.25294
0.0645901	-0.863004	-0.501051
-0.33385	-0.865538	-0.373346
0.0652353	-0.988424	0.136978
0.267494	-0.778235	-0.568152
-0.327458	-0.826751	-0.457443
-0.73862	-0.656542	-0.152949
0.0479712	-0.995958	-0.0759363
-0.502537	-0.82112	-0.27059
-0.244247	-0.953566	0.176227
0.0582717	-0.189626	-0.980126
-0.379577	-0.72477	-0.575005
0.523896	-0.181156	-0.832296
-0.778251	-0.612758	0.137307
-0.539962	0.520217	-0.661676
0.531601	0.00259491	-0.846991
0.182598	-0.344729	-0.920771
0.320339	0.199251	-0.926111
-0.139685	0.0873543	-0.986335
0.0173165	-0.458747	-0.888398
-0.250332	-0.274238	-0.928508
0.212967	-0.21235	-0.953705
0.948768	0.313162	-0.0420653
0.282218	0.663074	0.693315
0.428795	-0.781843	0.452611
0.691042	0.0249775	-0.722383
0.888101	0.309917	0.339453
-0.288622	0.704593	0.648263
0.46323	-0.778641	-0.423245
0.174068	-0.735044	-0.655294
0.273898	-0.949726	0.15166
-0.0938672	-0.995304	-0.0236595
-0.116691	-0.892889	-0.434893
-0.330508	-0.666499	-0.668239
-0.803862	-0.527036	-0.275752
0.46876	-0.88248	-0.0386462
0.651609	-0.112113	-0.750224
0.773321	-0.126987	-0.621168
0.828293	-0.157501	-0.537703
0.479133	-0.42486	-0.768066
0.44176	-0.17658	-0.879584
-0.374084	-0.919952	-0.117255
0.461573	-0.515115	-0.722224
0.7233	0.245931	-0.645256
0.57367	-0.226501	-0.787147
0.761448	0.300854	0.574182
0.803927	-0.0463646	0.592918
0.322347	0.64037	0.69715
-0.267268	-0.946155	0.182643
0.625821	-0.694044	0.35588
0.315618	0.197916	-0.928017
-0.805121	-0.474942	0.35526
0.778211	-0.0888178	-0.621691
0.181512	-0.346251	-0.920415
-0.282913	0.398804	-0.872305
-0.688681	0.514719	0.510669
0.086639	-0.267229	-0.95973
0.283379	-0.642807	-0.711684
0.188461	0.15814	-0.969265
0.885144	0.462341	0.0525428
0.382151	0.123644	-0.915791
-0.649726	0.00621413	-0.760143
-0.51077	-0.190471	0.838353
-0.456731	-0.836875	-0.301722
-0.737795	-0.638681	-0.218508
-0.0450642	0.501008	-0.864269
-0.667938	-0.659649	0.344561
-0.925726	-0.213707	-0.312028
0.760205	-0.540881	0.359913
-0.298599	-0.0945175	-0.949687
0.131195	-0.698059	-0.703919
-0.176988	-0.203712	-0.9629
0.948908	-0.0215014	0.314818
-0.431612	0.0954178	-0.896998
-0.0572268	-0.423663	-0.90401
-0.717673	-0.198074	-0.667617
0.748381	-0.662041	0.0403559
0.902259	0.349956	-0.251913
-0.322629	-0.670103	-0.668486
0.491157	-0.0402961	-0.870139
0.870244	-0.0549638	-0.489545
0.301826	0.196671	-0.932857
-0.41982	0.427717	-0.800505
0.355854	-0.265321	-0.896087
-0.709777	0.658338	-0.250615
0.0333751	-0.041545	-0.998579
-0.379349	0.869243	0.317034
0.395368	0.357782	-0.845976
-0.251145	0.095353	-0.963241
-0.232193	0.0361152	-0.971999
0.24186	0.811555	0.531867
0.7939	0.541051	-0.277465
-0.30179	0.951265	0.0633923
0.961652	-0.247786	-0.117591
-0.700064	0.710049	0.075776
-0.287718	0.218755	-0.932397
-0.476949	0.771292	-0.42146
0.186398	-0.845955	-0.499616
-0.770802	-0.636157	-0.0341703
0.265162	-0.85906	-0.437842
0.378019	-0.148626	0.91379
-0.255	-0.380671	-0.888856
0.592948	-0.766766	0.245931
-0.845065	0.530255	-0.0685166
0.371563	-0.922265	-0.106621
0.970423	0.233853	0.0599339
0.815094	0.116135	-0.567569
0.74472	0.197058	-0.637621
0.776891	-0.62652	0.0625527
0.185477	0.317039	-0.930099
0.8188	0.573287	-0.0301249
-0.557794	0.59458	-0.579086
-0.634468	-0.539566	-0.553461
-0.547576	-0.40947	0.729722
-0.201768	-0.880696	0.428561
0.42739	-0.36939	0.82516
0.242618	-0.384238	0.890785
0.86002	0.477928	0.178745
0.106966	0.89755	-0.427741
0.104169	0.887938	-0.448013
-0.0220271	0.96297	0.268707
-0.216158	0.963582	0.157433
-0.146031	0.964577	0.219696
-0.958324	0.215184	-0.187912
-0.251936	0.667457	-0.700735
-0.751092	-0.363438	0.551157
-0.959735	-0.264099	0.0957102
-0.895638	-0.143329	0.421058
0.589748	-0.780284	0.208218
0.234743	-0.590055	0.772483
0.0158183	-0.940696	0.338883
-0.443211	0.306335	0.84245
0.44032	-0.870738	0.218936
0.755477	0.262615	0.60024
-0.406068	0.281534	0.869395
0.0663604	0.175041	0.982322
-0.537344	-0.232245	0.810755
-0.34057	-0.53456	0.773471
-0.530662	-0.749524	0.395741
-0.0915596	-0.420332	-0.902739
0.795127	-0.0534169	-0.604086
0.606591	0.13637	-0.783231
0.723269	0.0653674	-0.687465
-0.38446	0.891495	-0.239639
-0.150797	-0.959752	0.23693
-0.753933	0.104467	0.648592
0.795072	-0.165474	0.583505
-0.0892292	0.827425	0.554443
0.570944	0.677295	-0.463998
-0.755744	-0.208413	0.620817
-0.0473855	-0.612215	0.78927
-0.063839	-0.990591	0.121054
0.806829	-0.58662	-0.070025
-0.259248	-0.609783	0.748969
-0.0305984	-0.999251	-0.0237061
-0.328976	-0.273845	0.903761
-0.36594	-0.0181416	0.930462
0.172431	-0.262385	0.949432
-0.366321	-0.821289	0.43737
-0.253905	-0.683733	0.684136
0.488221	-0.872453	-0.0215933
0.23708	-0.676142	0.697585
0.53973	-0.722461	0.432137
0.13859	-0.490375	0.860422
0.156998	-0.267263	0.950748
0.0220543	-0.18775	0.981969
-0.202001	-0.954056	0.2213
-0.936383	-0.345469	-0.0619519
-0.919251	-0.244863	0.308253
-0.933641	-0.0882242	-0.347177
-0.701799	-0.589083	0.400574
-0.991872	-0.120559	-0.0406788
0.00269561	0.902624	-0.430421
-0.666089	0.0789898	-0.741678
-0.691373	0.718891	-0.0721069
0.0722147	0.817278	-0.571701
0.0510261	0.503189	-0.862669
-0.685513	0.384431	-0.618291
-0.15775	0.668263	0.727007
-0.875587	-0.0927407	0.474074
0.261092	-0.183323	0.947747
0.364049	-0.228497	0.902916
0.539533	0.797682	0.269458
0.601384	0.204582	0.772323
-0.0883498	0.931962	-0.351626
0.350759	-0.113478	-0.929565
0.778216	0.609897	-0.149686
-0.990511	0.136225	0.0181813
-0.731372	0.319596	-0.602457
-0.0480128	0.534881	-0.843562
0.569119	-0.284227	-0.771569
0.721069	-0.0746613	-0.688829
0.915916	0.0377473	-0.399591
0.411922	-0.229398	-0.881871
0.953742	-0.118258	-0.276389
0.145493	-0.740143	0.656521
-0.476237	0.193547	-0.857751
-0.914775	-0.167567	-0.367571
-0.86789	0.353175	-0.349335
-0.987585	-0.0389694	0.152174
-0.283147	0.775648	0.56409
0.0246195	0.68423	-0.728851
0.0608479	0.923316	-0.37919
0.290465	-0.252561	-0.922953
0.847577	0.206186	-0.488978
-0.0141632	-0.0331485	-0.99935
0.217431	0.475105	-0.852642
-0.0688699	-0.456545	-0.887031
-0.108502	0.452767	-0.885003
0.831376	0.519488	-0.197346
-0.08553	-0.809702	0.580575
-0.171867	-0.880447	-0.441899
0.118998	-0.720481	0.683189
-0.620492	-0.724336	-0.300546
-0.371218	-0.707897	0.600899
0.15299	-0.735842	0.659645
-0.854308	-0.358041	0.376782
-0.183913	-0.962	-0.20182
-0.797659	0.586982	0.138539
0.284457	0.540277	-0.79195
0.887159	0.220219	-0.405527
0.844048	0.288606	-0.451984
0.949345	0.115303	-0.292317
0.967115	-0.253723	0.0177276
0.581775	0.129308	-0.803006
0.927775	0.193237	0.319207
-0.0174888	0.424325	-0.905341
0.838176	0.330913	0.433541
0.907157	-0.417682	0.0510559
0.585673	0.58295	-0.563167
0.767951	0.561158	0.308794
0.832666	0.514148	0.205714
0.984339	-0.142037	0.10441
0.799145	0.409043	0.440514
0.929077	-0.18956	0.317622
0.696318	-0.709993	0.105127
0.388152	-0.709189	0.588548
-0.14053	-0.0659927	0.987875
-0.0379945	0.324416	0.945151
-0.448026	-0.627361	0.636939
-0.775673	-0.492209	0.395046
-0.00947102	-0.947373	0.319993
-0.868528	-0.477281	-0.133647
-0.698739	-0.675809	-0.234617
0.360488	-0.621453	0.695589
0.667041	-0.206565	0.715813
-0.494586	0.329567	0.804221
-0.724966	-0.685748	-0.0646047
-0.201994	0.4798	0.853809
0.509699	0.749878	-0.42177
0.589852	0.442936	-0.67519
0.488842	0.124221	-0.863483
0.404317	0.108985	0.908102
-0.881026	0.37949	-0.282453
-0.989934	0.11284	0.0854264
-0.792871	0.187147	-0.579942
0.871645	-0.265492	0.412005
0.323848	0.610764	0.722558
0.466944	-0.430766	-0.772272
0.926051	-0.0988228	-0.364229
-0.516176	0.272714	0.811905
-0.489786	-0.746398	0.450554
-0.919917	0.160519	-0.357752
-0.767546	-0.572704	0.287895
0.338629	-0.937514	0.0799896
0.786542	-0.369993	0.494425
0.919698	0.222549	0.323462
0.804386	0.264413	0.532024
0.809924	-0.0634193	0.583096
-0.0285256	-0.601865	0.798088
-0.16037	-0.527735	0.834132
0.294151	-0.498658	0.815362
-0.377136	0.797291	0.47127
-0.832503	0.487458	0.263295
-0.906944	0.236159	0.348828
-0.442183	0.258621	0.85883
-0.757178	0.0631789	-0.650146
-0.731832	0.603604	-0.316362
-0.291264	0.83258	-0.471142
-0.174695	0.981379	-0.079852
0.0519404	0.02679	-0.998291
-0.256575	0.681072	-0.685792
-0.711986	0.287636	-0.640579
-0.1702	0.402495	-0.899461
0.0765198	0.919315	-0.38601
-0.985582	-0.164793	0.0383613
-0.596902	0.683279	-0.420521
-0.939802	-0.3018	-0.160276
-0.862766	-0.146693	-0.483856
0.937317	-0.0279229	0.347356
0.954398	-0.288361	-0.0772762
0.471521	0.584713	-0.660136
0.905015	0.350454	0.241102
0.439449	-0.415042	0.796634
0.0195501	0.656882	0.75374
-0.156674	0.182497	0.970643
-0.805159	0.190596	-0.561598
-0.822856	-0.436101	-0.364314
-0.927888	-0.0786332	-0.364473
-0.725903	0.0584175	-0.685312
-0.581855	-0.361749	-0.728411
-0.51073	-0.454287	-0.729916
-0.414194	-0.811289	-0.412619
-0.684169	-0.26157	0.680804
-0.973657	-0.227994	-0.00337505
0.799226	-0.335744	-0.498511
-0.142073	-0.644879	-0.750964
0.556899	-0.462325	-0.690014
0.585559	-0.797432	0.145679
0.917987	-0.275387	0.285416
0.1338	0.105779	0.985347
0.117859	0.921484	0.370103
0.299163	0.954169	0.00794623
0.481562	0.0186926	-0.876213
0.560054	0.436389	-0.704204
0.164501	-0.11847	-0.979237
-0.902081	0.0771082	-0.424623
-0.68565	-0.693151	-0.222318
-0.98601	0.0574826	-0.156459
-0.704936	-0.658208	0.264247
-0.0429674	-0.990009	0.134295
0.17277	0.331699	0.92743
0.798168	-0.588082	-0.130714
0.471848	0.0498033	0.880272
-0.204798	-0.973735	-0.0994892
-0.332947	-0.88301	-0.330816
-0.0539721	-0.815891	-0.575681
-0.493952	-0.544944	-0.67753
-0.625159	-0.138185	-0.768167
-0.457721	-0.378154	-0.804668
-0.620665	-0.77889	-0.0900317
-0.28681	-0.81897	-0.49702
0.19853	0.515855	-0.833354
-0.657526	-0.144569	-0.739431
0.387617	0.427095	0.816911
0.585633	0.737118	-0.33718
-0.442645	0.530654	0.722822
0.83285	0.505606	0.22522
0.888176	-0.0991154	0.448687
-0.957956	0.286839	-0.00655975
-0.465941	-0.822671	0.325747
0.507329	-0.859772	-0.0583932
0.522014	-0.397597	-0.754598
0.82654	0.198706	-0.526638
0.879731	-0.419819	-0.223216
-0.228791	-0.944973	-0.233838
0.581161	-0.813199	-0.0309887
0.141305	-0.860127	-0.490118
0.999097	-0.0219827	0.0363719
0.367265	-0.866795	-0.337316
0.552533	-0.640044	-0.533902
0.474066	-0.877051	0.0777329
0.778264	0.285988	-0.559032
0.215305	-0.931107	-0.29442
-0.435494	0.38026	-0.815933
0.81213	-0.272603	-0.515879
-0.458998	-0.446719	-0.76796
0.460588	-0.882619	-0.0940363
-0.784213	-0.494522	-0.374777
-0.518884	-0.715945	0.4671
-0.624901	0.729416	-0.2783
-0.463617	-0.724093	-0.510636
-0.784258	-0.105091	-0.611469
-0.249087	0.583277	0.773139
-0.504429	0.317995	-0.802765
-0.902887	0.402685	0.150463
-0.920297	0.370409	0.125898
-0.414296	-0.289272	0.862949
-0.952578	-0.0658056	-0.297094
0.244955	0.881761	0.403105
-0.548973	0.522313	-0.652547
-0.705112	0.499226	-0.503578
-0.777346	0.480468	-0.406058
-0.628265	-0.633297	0.451904
-0.721084	-0.506385	0.472877
0.0458685	-0.746167	0.664176
-0.403617	-0.829745	-0.385509
0.236673	-0.760203	-0.605044
0.345545	-0.834009	-0.430148
-0.537309	-0.843261	0.0144697
-0.0442826	-0.900281	0.433051
-0.489523	-0.447052	0.748674
-0.200291	-0.280147	0.93883
-0.570542	0.419269	0.706183
0.559111	0.296605	0.774222
0.0302626	0.808566	0.587626
0.516008	0.8565	0.0120099
0.50081	0.737734	-0.4527
0.279398	0.0722627	0.957452
0.282553	-0.930054	-0.234868
0.498293	-0.237946	-0.833718
-0.112285	0.276975	-0.954294
-0.996199	-0.03665	-0.0790176
-0.532548	-0.0868122	-0.841936
-0.947529	-0.101165	0.303238
0.101949	-0.0977972	0.989971
0.864957	0.452712	-0.216566
0.181823	0.896322	0.404409
0.925132	-0.207331	0.318034
-0.953351	0.252061	0.166095
0.473767	-0.683519	-0.555289
0.267804	0.448787	0.852567
0.398343	-0.635479	0.661429
-0.997558	-0.0265962	0.0645884
0.972568	-0.221797	-0.0701225
0.503967	0.681454	-0.530695
0.917188	0.208538	0.339527
-0.586798	0.448432	-0.674223
0.653611	0.704812	-0.275739
0.559452	0.681514	-0.471755
0.74268	-0.51465	-0.428441
-0.752744	0.658021	0.0195988
0.919855	-0.151099	-0.361989
0.692302	0.503471	-0.516948
0.363496	0.737171	-0.569605
0.833921	-0.0144854	0.551694
0.158264	-0.398251	0.90352
-0.0225058	-0.382688	0.923603
0.6935	-0.348551	0.630531
-0.141122	-0.810284	0.568792
0.753333	-0.0191966	0.657359
0.621192	0.132142	0.772437
0.754457	-0.480417	-0.447208
0.729713	-0.558832	-0.393987
0.725806	-0.512829	-0.45849
0.967011	-0.091868	-0.237591
0.872147	-0.47904	-0.0993948
0.00393162	-0.552833	-0.833283
-0.443067	0.766825	0.464404
-0.477697	0.63134	-0.610913
-0.908016	-0.109073	-0.404487
-0.205164	0.851068	-0.483313
-0.614398	0.70305	-0.3581
-0.499543	0.324413	-0.803252
-0.893433	0.413815	-0.174745
0.277072	0.454092	-0.846777
0.369853	0.396073	-0.840437
-0.70322	-0.11343	-0.701866
0.386671	-0.0628799	-0.920072
0.461639	-0.273568	0.843831
0.781021	0.582001	0.226453
0.619881	0.191172	0.761052
0.846841	0.471162	0.246711
0.905212	0.336779	-0.259174
0.114611	0.486198	0.8663
0.690695	0.69469	0.200864
-0.0390802	0.599494	0.799424
0.899351	0.387732	0.202068
0.180438	-0.130002	-0.974957
-0.797579	0.532411	0.28356
-0.349837	-0.110364	-0.930287
-0.826674	0.500307	-0.257495
-0.715874	0.0669877	-0.695009
0.228596	0.80902	-0.541507
0.582116	0.758962	0.29175
-0.195999	0.0492186	-0.979368
-0.167324	-0.0275063	-0.985518
-0.178204	-0.668199	-0.722325
0.682882	-0.32346	-0.655016
0.55189	0.248005	-0.796185
0.0191212	0.991331	-0.129992
0.44731	0.15275	-0.881238
-0.388274	-0.0556786	-0.91986
0.0707368	-0.503702	-0.860976
0.758562	-0.627061	-0.177137
0.569764	0.214012	0.793453
-0.249963	0.53593	0.80641
-0.843449	0.110061	0.525814
-0.780383	-0.604293	-0.160722
-0.820065	0.247162	0.516144
-0.981237	-0.0290824	-0.190598
0.167681	0.836224	-0.522123
0.646461	-0.711522	0.275363
-0.240698	-0.207867	-0.94808
-0.14438	-0.217166	-0.965398
0.422447	-0.901704	0.0920195
0.60751	-0.192732	-0.770575
0.693949	-0.418332	0.586031
0.532667	-0.676906	0.508
0.294087	-0.946263	-0.134535
0.170147	0.583122	-0.794367
0.320521	-0.528322	-0.78622
0.660626	0.174937	-0.730048
0.763562	0.0476909	-0.643971
0.301789	0.682499	-0.665672
-0.229388	0.661573	-0.713935
-0.212312	0.597765	-0.773046
0.409252	0.84168	-0.352262
0.812007	0.193523	0.55063
0.873406	0.472167	0.119246
0.425372	-0.652486	0.627153
-0.300594	0.907848	0.292327
-0.030542	0.46343	-0.885607
0.628968	0.344102	-0.697132
0.450024	-0.798567	-0.399711
0.95309	-0.191388	-0.234498
0.679481	-0.627059	-0.380924
0.788318	-0.196158	-0.583161
0.555625	-0.448572	-0.700045
-0.013469	-0.977741	-0.20938
0.938731	-0.286369	-0.191774
0.165759	0.660698	-0.732122
0.862355	0.394627	-0.317196
0.00391996	0.437823	-0.899053
0.564124	0.231799	-0.792486
0.171762	0.944688	-0.279395
-0.579544	0.344354	-0.738612
0.384673	-0.306974	-0.870513
0.541493	-0.744036	-0.391404
0.033206	0.166599	-0.985465
0.0545794	-0.827618	-0.558633
0.444512	-0.741617	-0.502407
0.135127	-0.957052	0.256498
0.861329	-0.508045	-0.00128606
0.643189	-0.759198	0.0996276
0.956351	0.276609	-0.0942384
0.126424	0.982372	0.137701
-0.0227849	0.249574	0.968088
-0.220104	0.346943	0.911693
0.464001	-0.175488	0.868278
-0.501811	-0.864591	-0.0258306
-0.293208	0.305644	0.905876
-0.140945	0.547362	0.824942
0.0206116	-0.336238	-0.941551
0.651649	0.177808	-0.737386
0.7999	0.164681	-0.577096
-0.313829	-0.65215	-0.690081
-0.568594	-0.210841	-0.795139
0.938096	0.14931	0.312543
-0.0560078	-0.964714	-0.257275
0.823189	-0.331988	-0.460591
0.676221	-0.641645	0.361963
-0.186008	-0.00775854	-0.982518
-0.495712	-0.80394	-0.328557
-0.739813	0.215472	-0.637377
0.610972	-0.547665	-0.571643
-0.22728	0.873848	0.429807
-0.837276	0.121225	0.533173
-0.733913	0.206326	0.647149
0.246224	-0.14747	0.957928
-0.993098	0.00709033	-0.117077
0.48086	0.463105	0.744518
-0.593393	-0.264962	-0.760053
0.0601863	-0.117878	0.991202
-0.856714	0.0409828	0.514161
-0.820927	0.041449	0.569527
0.131362	-0.357442	0.924651
0.0806123	-0.296539	0.951613
0.666156	-0.197522	0.719181
-0.0385675	0.679036	0.733091
0.215196	-0.334117	0.917636
-0.222631	-0.797135	0.561259
0.775498	-0.264027	0.573492
0.664359	-0.615642	0.423806
0.0110487	-0.977898	-0.208789
-0.0505583	-0.698096	0.714217
0.988528	-0.109313	-0.10423
0.107661	-0.502096	0.858084
0.0940443	-0.631274	-0.769836
0.109216	-0.99311	-0.0424814
0.575481	-0.215789	-0.788832
0.210506	-0.941902	0.261739
0.336351	-0.866782	0.368181
0.475582	-0.372654	0.796838
0.765754	0.517652	-0.38165
0.648069	-0.262013	0.715091
0.0520415	-0.997839	-0.0401094
0.732882	-0.47746	0.484682
0.95342	-0.281435	0.108558
-0.276388	-0.594244	0.755304
0.685302	0.580697	0.439491
0.551713	0.391703	0.73633
-0.848202	-0.129436	0.513615
-0.873681	-0.114743	0.472774
0.24385	-0.915246	-0.320721
0.627283	-0.646942	0.43357
0.82331	-0.35495	0.442913
0.272997	-0.678526	0.681964
0.902723	-0.372393	0.21544
-0.195045	-0.556555	0.807591
-0.760052	-0.587984	-0.27676
0.418564	-0.703884	0.573891
0.324404	-0.507616	0.798178
-0.0331271	-0.844737	-0.534155
-0.330307	-0.633461	-0.699731
-0.28524	-0.83699	-0.466997
-0.0463753	0.365901	0.929498
0.650482	0.126321	-0.748943
0.552001	0.742737	0.378994
-0.704844	-0.588685	-0.395783
-0.531994	-0.760456	0.372411
-0.999755	0.0179766	0.0128789
0.60063	0.77136	-0.210348
0.672358	0.724749	-0.150577
0.324592	0.457906	0.827625
-0.798923	0.566934	0.200767
0.348471	-0.715725	0.605231
-0.353089	-0.605666	0.713089
0.659926	-0.439021	0.60972
-0.964453	-0.00240128	0.264242
-0.222054	0.583287	0.781325
-0.0492396	0.969997	0.238078
-0.617071	-0.11868	0.777907
-0.641489	-0.668077	-0.377046
-0.545169	-0.785098	0.29396
-0.693162	0.266929	0.669534
0.356733	0.419861	-0.834541
-0.125843	0.954887	-0.268986
0.578044	0.423024	0.697793
0.00617167	0.197619	-0.980259
0.642229	0.548932	-0.534991
0.393298	0.39354	-0.830929
0.443481	0.470999	-0.762552
0.156943	0.769472	-0.619098
0.286435	-0.446196	-0.847859
-0.0823757	0.745418	-0.661488
-0.161808	-0.567787	-0.807116
0.282917	-0.093318	-0.954594
0.151854	-0.168394	-0.973953
-0.966203	0.24222	0.0882122
0.117764	0.653685	-0.747548
-0.306087	0.934034	-0.184093
-0.881047	0.450348	-0.14472
-0.7683	-0.638222	-0.0488774
-0.850652	0.509008	0.131536
-0.792305	0.557371	-0.248173
-0.141347	0.0205708	0.989746
0.0881888	0.787004	0.610613
-0.610063	-0.40581	0.680544
-0.114213	0.801333	0.587214
-0.527539	0.570725	0.629266
-0.519487	0.854231	-0.0205743
-0.344937	-0.853055	0.391554
-0.913277	0.397671	0.0882236
0.101565	-0.991507	-0.0812356
-0.366963	0.416605	0.831732
-0.718906	-0.586911	-0.372437
0.262769	0.0361346	-0.964182
-0.628659	0.772563	-0.0890711
-0.605558	0.0459679	0.794472
-0.014201	0.65188	0.758189
-0.564493	-0.466287	0.68112
-0.289485	0.213606	0.933044
-0.391206	-0.201785	0.897909
0.264868	-0.95043	0.162875
-0.478072	0.0656544	0.875863
-0.732191	-0.631498	0.255161
0.865926	-0.363057	0.344036
-0.256597	0.396379	0.8815
0.660302	0.750983	0.00509706
-0.302845	0.836278	-0.457082
0.49314	0.835932	0.240893
0.249548	0.88524	0.392526
-0.111678	-0.838488	-0.533354
-0.433539	0.33674	-0.835853
-0.504965	-0.723885	-0.470108
0.215469	0.670332	0.71009
0.406137	0.91364	-0.0177225
-0.115399	0.866957	-0.484838
-0.0203823	0.802965	-0.595678
0.186397	0.703017	0.686311
-0.27727	0.952845	0.123319
-0.155205	0.977933	0.139852
-0.15689	0.830346	-0.534707
0.553333	0.52916	-0.643282
-0.668746	0.17714	-0.72208
-0.887214	0.111451	-0.447694
-0.19948	0.190871	-0.961133
-0.251388	0.919599	-0.301898
-0.347576	0.495643	0.795946
-0.544337	0.669149	0.505903
-0.0345863	0.507082	-0.861203
-0.314376	0.819706	-0.478801
-0.56089	0.721634	-0.405766
0.556786	-0.624198	0.548057
0.277881	0.959273	0.0507607
-0.247252	0.296386	-0.922508
0.356993	0.707667	0.609724
0.32721	0.721662	0.610031
0.264388	0.521279	0.811398
0.598689	-0.150566	0.786703
-0.639697	0.669696	0.37722
0.280497	0.87822	0.387365
0.0892801	0.786438	0.611183
-0.427508	0.364071	0.82746
-0.901409	0.432269	0.0246157
-0.92677	0.20909	-0.312055
-0.615644	0.726153	-0.306079
-0.865688	0.500064	-0.022813
-0.549487	0.814009	-0.188291
-0.853552	-0.0597296	0.517572
0.167873	-0.845062	0.507631
-0.760063	0.556885	0.334937
-0.414986	-0.279714	0.865764
-0.905935	-0.0735933	-0.416972
-0.891509	-0.451297	-0.0392856
-0.962399	0.134204	0.236173
-0.297616	0.945023	0.135489
-0.439619	-0.0143407	0.89807
0.281717	0.878425	0.386011
-0.636593	0.741895	-0.210574
0.278292	0.600145	-0.74992
-0.106321	0.750263	0.652534
-0.582877	-0.31403	0.749426
0.275137	0.0148728	0.96129
-0.439137	0.141715	0.887173
0.0528441	0.569993	0.819948
-0.109036	0.214973	0.970514
0.739181	0.59041	-0.324081
0.634374	0.449089	0.629197
0.918443	0.384596	-0.0924549
0.163761	0.952296	0.257515
0.316131	0.937242	-0.147102
0.876409	0.469004	-0.109284
0.507913	0.845101	0.166821
0.638299	0.301504	-0.708286
0.801818	0.473314	-0.364776
0.820157	0.402999	0.40612
-0.362632	0.612851	-0.702077
-0.111562	0.826685	0.551495
-0.087788	0.887663	0.452048
-0.623023	0.780263	0.0550596
-0.579303	0.229248	0.78221
-0.576032	0.756422	0.309861
-0.958139	0.258307	-0.123479
0.338529	0.940883	-0.011683
0.230306	0.776709	-0.586244
0.443164	0.278892	0.851954
0.572572	0.755857	-0.317554
0.73724	0.585894	-0.336459
-0.0615322	0.661572	0.747353
-0.198255	-0.363511	0.91025
-0.101494	0.78755	0.607836
-0.789857	0.222206	0.57162
-0.791208	-0.00814568	0.611493
-0.900676	-0.338279	0.272673
-0.395755	0.649648	0.649103
-0.00560724	0.215299	0.976532
0.229354	0.932146	-0.280179
0.931745	0.28764	-0.221618
0.151441	0.401545	-0.903232
-0.302316	0.340079	-0.890478
0.288192	0.748838	-0.596814
-0.956871	-0.268216	-0.111614
-0.203817	0.721793	-0.661418
-0.483822	-0.875055	-0.0139881
-0.235459	0.239221	0.941983
-0.823914	-0.156701	0.544619
0.815153	-0.575372	0.066883
-0.974515	-0.222656	0.0272789
-0.218607	0.512648	0.830303
0.0846758	-0.542268	-0.835928
-0.969891	0.0494182	-0.238474
-0.925641	-0.17753	0.334173
0.164698	0.635138	0.754635
-0.0426328	0.833438	0.550966
-0.117199	0.64759	0.752922
0.422269	0.796056	0.433571
-0.583705	-0.400286	0.706441
-0.638039	0.409581	0.652035
-0.813107	-0.562049	0.151519
-0.395688	-0.688853	0.607381
-0.682061	0.400996	0.611551
-0.342391	-0.927757	0.148443
0.149161	-0.024609	0.988507
-0.0470545	-0.0911061	0.994729
-0.950058	0.213312	0.227789
-0.635301	-0.076537	0.768463
0.14646	0.166695	-0.97507
-0.889555	0.299119	-0.345282
0.705952	-0.264992	-0.656819
-0.514703	0.404119	0.756154
-0.626926	0.633401	-0.453617
-0.676889	0.15297	-0.720015
0.914448	-0.0593809	0.400322
-0.395367	0.344922	0.851301
-0.70661	0.532421	-0.466079
-0.294356	0.704039	-0.646285
0.35306	0.5834	0.731432
0.847055	0.0334771	0.530449
0.711017	0.363695	0.601814
0.845048	-0.433458	0.313062
-0.0161993	0.259492	0.965609
-0.60545	0.760089	0.235998
-0.258818	0.913615	-0.31356
-0.815305	0.529284	0.234811
0.0358033	-0.064065	0.997303
-0.977548	0.204332	-0.0514631
0.185625	0.0190386	0.982436
0.524809	0.844279	0.108481
-0.0774742	0.986564	-0.143834
-0.542502	0.716907	-0.437877
-0.72238	-0.636879	0.269356
-0.467221	-0.4475	0.762527
-0.896665	-0.350022	0.271065
-0.932036	-0.33037	0.148877
-0.618506	0.10956	0.778105
0.0216638	0.294934	0.955272
-0.801814	0.00626533	0.59754
0.560354	-0.270046	0.782993
0.986477	0.144883	0.0766283
-0.370132	-0.650558	0.663156
0.530805	-0.236027	0.813964
-0.475289	-0.492628	0.728984
0.626759	0.77441	0.086387
0.520169	0.335215	0.785528
0.27831	0.574608	0.769655
0.162875	0.554195	0.816296
-0.760881	-0.293025	0.578961
0.0502291	-0.853297	0.519
0.662908	-0.748678	-0.00587041
-0.415911	0.0992403	0.903974
-0.210667	0.211252	0.954459
-0.765267	-0.323304	0.556633
-0.956861	-0.243807	0.158035
-0.207962	0.209928	0.955344
-0.910955	0.401051	0.0965376
-0.449515	0.0919833	0.888524
-0.494905	-0.838577	0.227721
-0.311851	0.530732	0.788081
-0.465843	0.556584	0.687899
-0.545989	0.247713	0.800334
0.896388	0.0193328	0.442849
0.323156	0.129725	0.937412
0.304559	0.0768342	0.949389
0.186977	0.784098	0.591802
-0.21877	-0.400799	0.889663
-0.220749	0.255445	0.941285
-0.579673	0.239131	0.778971
0.0635706	0.376775	0.924121
-0.483131	0.251924	0.838522
0.48389	-0.69344	0.533846
-0.955883	0.059372	0.287686
0.388999	-0.849315	-0.356853
-0.915016	0.264455	-0.304646
-0.936156	0.318789	0.148275
-0.99986	0.0148428	-0.00768293
-0.462791	0.651981	0.600621
0.183452	0.781063	0.596897
0.46896	0.636675	0.612145
0.332615	-0.0827415	0.939426
-0.740873	-0.500197	0.44823
-0.169156	-0.953196	0.250608
-0.942932	-0.254923	0.214226
-0.47223	-0.192296	0.860245
-0.32784	-0.694201	0.640785
0.068876	0.130456	0.989059
-0.926996	0.340178	0.157979
-0.521913	-0.166191	0.836652
-0.742812	0.380496	0.550866
0.302611	0.63578	0.710078
-0.22647	0.891869	0.391512
0.648138	0.351721	0.675433
0.487941	-0.582047	0.650489
0.718717	-0.681747	-0.136625
0.269019	0.502295	0.821784
-0.302996	0.950291	0.0716948
0.230769	0.972733	0.0231664
0.120304	0.973132	-0.196317
0.266764	0.669772	0.692996
-0.131121	0.562539	0.816307
-0.966696	0.103946	0.233869
0.158731	0.840415	0.518177
-0.229549	-0.944701	0.234196
-0.0880169	-0.969846	-0.227271
-0.978054	-0.16593	-0.126009
-0.889011	-0.12492	-0.440515
-0.558299	-0.339647	0.75693
-0.125046	-0.976535	0.175335
0.183944	0.133531	0.973824
0.0500786	0.213902	0.975571
-0.0667986	0.416251	0.906793
0.957156	-0.0761389	0.279385
-0.961503	0.0538293	-0.269472
0.152796	-0.9509	0.269151
-0.288518	0.671663	-0.682368
0.0258328	-0.920356	-0.390228
0.216316	0.458548	-0.86194
-0.325074	0.738186	-0.591107
-0.586588	0.484712	-0.648822
-0.551897	-0.654636	-0.516586
-0.69738	-0.507489	-0.50608
-0.280346	-0.913488	-0.294866
-0.99812	-0.0603686	0.0106106
-0.681593	-0.199635	-0.703972
-0.882421	-0.375802	0.28303
-0.621148	-0.770943	-0.140791
0.120268	-0.564723	0.81647
-0.457184	-0.298497	-0.837784
-0.966093	0.214972	-0.143009
-0.644886	-0.0570133	0.76215
-0.467824	-0.775721	0.423553
-0.81465	-0.352786	0.460313
-0.203349	0.581264	0.787897
-0.34716	-0.911786	-0.219375
-0.765835	-0.34033	0.545594
-0.972155	-0.162527	0.168818
0.18339	-0.0763028	0.980075
0.523083	-0.85228	-0.00181019
-0.0539641	-0.219521	0.974114
0.174672	-0.90129	0.396442
0.594592	-0.458406	0.660548
0.655448	-0.745221	-0.122613
0.323651	-0.806402	-0.49494
-0.263618	-0.564012	-0.782557
0.940951	-0.334707	-0.0508189
-0.236397	-0.659418	-0.713642
0.500701	-0.783944	-0.367056
-0.527984	-0.64236	-0.555523
0.149063	-0.671535	-0.725824
-0.394705	-0.841532	-0.368824
0.878861	0.155768	0.450932
-0.113926	-0.608778	-0.785118
-0.437096	-0.877006	-0.199518
-0.0141218	-0.980753	-0.194741
-0.126477	-0.938863	-0.320217
0.39901	-0.869464	-0.291243
0.30932	-0.808297	-0.500976
-0.896803	0.120652	0.425662
-0.279092	0.846174	0.453979
-0.646483	-0.0709993	-0.759618
-0.537705	-0.778144	0.3246
-0.523966	0.197875	0.828435
-0.125365	-0.663231	0.737841
0.829824	-0.543122	0.128101
-0.629487	-0.669708	0.394002
0.628689	-0.362861	0.68781
-0.418944	-0.349792	0.837933
-0.872935	-0.285316	0.3957
-0.496649	0.672155	0.549133
0.865614	0.193285	-0.461902
0.573664	0.138344	-0.807323
0.695556	-0.529368	0.485768
0.952966	0.0953765	0.287677
0.233659	0.411646	-0.880881
-0.712337	0.49272	-0.499803
-0.398138	-0.707317	-0.584114
-0.0634596	-0.00888625	-0.997945
-0.0396683	0.649537	-0.759294
-0.419672	-0.700771	-0.576884
-0.719636	-0.684087	-0.118945
-0.961171	-0.100459	-0.257018
-0.469565	-0.845208	0.255209
0.681299	-0.597428	-0.422979
-0.88789	-0.325019	-0.325598
-0.112775	-0.955675	-0.271968
-0.449638	-0.674749	-0.585269
-0.541423	-0.706711	0.455435
-0.162863	-0.982811	0.08694
-0.910632	-0.405903	0.0774038
-0.00289967	-0.805134	0.593086
-0.756829	-0.510098	0.408669
0.302286	-0.837265	-0.455643
-0.83836	-0.027799	-0.544408
-0.935496	-0.353298	0.00523996
-0.0240051	0.873935	-0.485449
-0.664711	-0.723994	-0.18437
-0.640285	-0.493655	-0.588507
-0.89537	-0.128952	-0.426245
-0.38281	0.653733	-0.652756
-0.0469018	0.874457	-0.48283
-0.517525	0.689719	-0.506415
-0.928525	0.261993	0.26306
-0.413208	0.563686	-0.715204
0.737506	-0.310113	-0.599929
0.384545	0.909428	-0.15832
0.622371	0.767713	-0.15255
0.81278	0.464765	-0.351258
-0.997982	0.0320504	-0.0548064
-0.339415	-0.861102	-0.37855
0.0562572	-0.741426	-0.668672
-0.447566	-0.416182	-0.791503
-0.49265	0.121653	-0.861682
-0.377434	-0.846557	0.375348
-0.728892	-0.6104	0.310046
0.778828	-0.412184	-0.472791
-0.733026	-0.528062	-0.428746
-0.0334305	-0.549711	-0.834686
0.108879	-0.488383	-0.86581
-0.827416	0.421805	-0.370761
0.0154075	-0.337303	-0.94127
-0.4593	0.653275	-0.601893
-0.7229	-0.191903	-0.663769
-0.455158	-0.370387	-0.809719
-0.349461	-0.192019	-0.917063
-0.780272	0.0371405	-0.624337
-0.363083	0.546393	-0.754735
-0.42412	-0.222343	-0.877887
-0.575115	-0.814289	0.07859
0.072579	-0.732839	-0.67652
-0.252672	-0.192353	-0.948239
0.0806198	0.0479471	-0.995591
0.150203	-0.501276	-0.852151
0.236453	0.299384	-0.92437
0.358035	-0.481111	-0.800214
-0.42451	0.0672319	-0.902924
0.654295	0.421007	-0.628213
0.277218	0.0616167	-0.958829
0.932973	0.359709	-0.0131083
0.935193	0.344567	0.0817845
-0.636623	-0.642198	-0.426957
-0.921549	-0.324913	-0.212553
0.291094	-0.95349	0.0782362
-0.286523	-0.295847	-0.911251
-0.575384	0.0979431	0.811998
-0.481331	0.44012	-0.758034
-0.392472	-0.680605	-0.618663
-0.2894	-0.448966	-0.845386
0.758679	0.35742	-0.544663
0.454867	0.552513	-0.698446
-0.691189	0.722652	-0.00565148
0.743897	-0.0632083	0.665298
0.740268	0.0508927	0.670383
0.955823	-0.107513	0.273574
0.808687	0.452743	0.375565
0.347295	-0.882839	0.316199
0.00605018	-0.593576	0.804755
0.726034	0.136616	0.673951
-0.261333	0.676908	-0.688114
-0.011828	-0.998685	0.0498928
-0.190215	-0.666255	0.721057
-0.111325	0.825424	0.553428
-0.686168	-0.70318	-0.186311
-0.628551	0.618183	-0.471989
-0.894299	-0.299681	0.332296
-0.91884	-0.394627	-0.00176708
-0.829038	0.439315	0.345975
0.0130378	0.182401	0.983138
-0.822697	0.513744	0.243386
-0.479773	0.536701	0.694097
-0.161343	0.356656	0.920198
0.459078	0.200484	0.865479
-0.933965	0.048451	-0.354065
-0.688885	0.717401	0.103797
0.755266	0.629932	0.180995
0.00257955	0.824264	-0.5662
0.980554	0.10045	0.16859
-0.0802079	0.897879	-0.432875
-0.510014	0.746335	-0.427633
-0.289155	0.93201	0.218509
-0.604549	0.310093	0.733732
-0.238921	0.882349	0.405434
0.168772	-0.90409	0.392602
0.252501	-0.448397	0.857429
-0.0830136	-0.214521	0.973185
-0.818982	-0.450144	-0.355864
-0.625012	0.565738	0.537867
0.124913	-0.974149	-0.188229
0.958663	0.235263	0.160051
-0.212682	-0.35039	0.912137
0.316018	0.808629	0.496238
-0.782502	-0.548699	0.294313
0.578303	-0.758753	0.299767
0.980088	-0.184209	-0.0741269
0.908022	-0.0430775	-0.416702
0.973186	-0.229233	0.018996
0.183527	0.0122099	-0.982939
-0.180907	0.617166	-0.765754
-0.754472	-0.0337461	-0.655465
-0.499868	-0.524988	0.688854
-0.644556	-0.715206	-0.270237
-0.917988	0.305179	-0.253306
-0.340313	-0.939658	-0.0350727
-0.349432	0.719812	-0.599806
-0.322872	-0.718416	-0.616143
-0.0520436	0.998517	0.0159643
-0.54687	0.7888	-0.280585
-0.633114	0.569412	-0.524345
0.931103	0.342358	0.125852
-0.233357	0.839873	0.490058
-0.17082	0.950936	-0.257955
0.14988	0.616142	0.773243
-0.214694	-0.0592167	0.974885
0.674574	-0.410974	0.613229
-0.161424	-0.68868	0.706868
-0.0795411	-0.904993	0.417925
0.652324	-0.748012	0.122274
-0.151998	-0.934057	0.323163
-0.43894	0.55265	0.708456
0.150756	-0.965919	0.210413
-0.662787	0.0308381	-0.748173
-0.496534	-0.334927	-0.800798
-0.394704	-0.918808	0.000559865
0.0653455	-0.867203	-0.493649
0.465937	-0.853986	-0.231539
-0.416871	-0.874454	0.24809
-0.442107	-0.889596	-0.114724
-0.775447	-0.629373	0.0507126
0.116078	-0.90308	-0.413488
0.059184	-0.998213	-0.00828641
0.162799	-0.809809	-0.563655
0.352813	-0.547922	-0.758488
-0.112793	-0.923937	-0.365538
-0.459163	-0.78007	-0.425042
0.0508782	-0.875484	0.480562
-0.931675	-0.328603	0.154928
0.473444	-0.879549	0.0473741
-0.380927	-0.897825	0.220916
0.600793	-0.74546	0.288681
-0.417213	-0.564856	0.711949
0.531815	0.782012	-0.325008
-0.190355	-0.150101	0.970172
0.989754	0.0568882	0.130964
-0.224973	0.150473	0.962676
0.282597	0.951823	-0.11905
0.365185	0.127855	0.922113
0.259584	0.312018	0.913926
-0.00913157	-0.855363	-0.517949
-0.467342	0.137992	0.873241
-0.324702	-0.571946	0.753291
0.395989	0.684162	0.612466
-0.139537	-0.985271	0.0988456
0.960988	0.110777	-0.253437
0.503255	-0.83281	0.230568
-0.691864	-0.663964	0.283684
-0.791503	-0.607752	0.0645005
0.160955	-0.979904	-0.117824
-0.242721	-0.607287	0.756498
0.212633	0.908026	0.360938
0.365841	-0.648108	0.66792
0.982158	0.0422828	0.18324
0.548184	0.827217	0.123316
0.194041	0.852719	-0.484994
-0.127324	0.51738	0.846231
0.606941	0.648937	0.458806
-0.369322	0.866322	0.336285
0.226401	-0.949839	-0.215749
0.514846	-0.85712	0.0166846
-0.100438	-0.395005	0.913172
0.341009	0.0409933	0.939166
-0.659358	-0.719118	-0.219355
-0.296971	-0.9449	0.137742
-0.808328	-0.0810092	-0.583132
0.888231	-0.393676	0.23678
0.806184	-0.411287	0.425337
-0.833607	0.472848	0.285508
-0.488639	-0.112134	-0.86525
-0.432522	-0.472194	0.768087
-0.197188	0.29917	0.933603
0.0314705	-0.274313	0.961125
-0.546646	0.747118	0.378143
0.494478	0.855474	0.153804
0.704201	0.658756	0.264842
0.549224	0.0653227	-0.833118
-0.28827	-0.897044	-0.334981
-0.83026	-0.379691	0.408047
0.283017	-0.317713	-0.904964
0.28886	-0.504496	0.813661
-0.0949295	-0.684138	0.723148
-0.0818379	-0.743821	-0.66335
0.407158	-0.779007	-0.476834
0.725715	-0.514526	-0.456729
0.0504206	-0.734226	-0.67703
0.862652	-0.279976	-0.421242
0.692374	-0.115728	-0.712197
-0.175307	-0.855265	-0.487636
0.826976	-0.548058	-0.125472
0.815385	-0.0592926	-0.575874
0.716392	-0.56827	0.404786
0.562639	-0.782178	-0.267645
0.995948	0.0253404	0.0862906
0.271854	-0.931628	-0.241171
0.0180447	-0.610791	0.791586
0.118673	0.477764	0.870436
0.805791	-0.428165	0.409115
0.609422	-0.328494	0.721594
0.537644	0.229724	0.811274
0.0391844	-0.207966	-0.977351
0.237022	-0.250325	-0.9387
0.8026	-0.59594	0.0262482
0.143153	-0.65169	0.744854
-0.429593	0.596044	0.678366
0.487609	0.660537	-0.570902
0.964807	0.0112257	0.262719
0.170099	-0.976451	-0.132702
-0.21828	-0.96526	0.143622
0.690952	-0.714939	0.10699
-0.543294	-0.839097	-0.0273417
-0.248408	-0.968597	-0.0106507
0.185043	-0.297176	0.936721
0.287639	-0.443925	0.848643
0.0156559	-0.0741586	0.997124
0.304201	-0.355949	0.883607
0.307091	0.932065	-0.192225
-0.815939	-0.476488	-0.327419
0.129196	0.906206	-0.402614
-0.0323104	-0.826285	0.562325
-0.355143	-0.927751	0.114676
-0.283336	-0.928785	0.238912
-0.738705	-0.671405	-0.0594093
0.180204	-0.160298	0.97048
-0.197376	-0.707986	0.678085
0.67979	0.0581837	0.731095
0.255813	-0.102288	0.961299
0.337399	0.75221	0.565987
0.360253	-0.475942	0.802307
0.229513	-0.635477	-0.737219
0.349456	-0.413038	-0.840999
0.0229823	0.597207	0.801758
-0.822847	0.381385	0.42127
0.199089	0.163835	-0.966189
-0.834325	0.11574	-0.538986
0.0578085	-0.903328	0.425037
0.0815754	-0.754686	0.650995
0.139882	-0.675407	0.724057
-0.0408427	-0.702707	0.710307
0.557639	-0.819028	-0.135027
-0.627879	0.38038	-0.679028
0.147601	0.986015	0.077385
0.521574	-0.348506	0.778784
0.0373944	-0.0575567	0.997642
0.571392	-0.800479	0.180954
-0.0539792	-0.929538	0.364754
-0.0861905	0.849623	0.5203
-0.819891	0.175495	0.54496
0.216747	0.578659	0.78624
-0.540603	0.555604	0.631706
0.131165	0.436274	0.890203
-0.83366	0.288377	0.471009
-0.973041	0.216573	0.0792957
-0.64715	-0.669889	0.363931
-0.728516	0.307791	0.611988
-0.124381	-0.951257	0.282203
-0.250602	-0.58832	-0.768816
0.00972454	-0.935258	0.353833
0.0786577	-0.611522	-0.787308
-0.938884	-0.305359	0.158911
-0.486393	-0.843161	-0.229131
-0.743752	0.6454	0.174044
-0.671381	-0.154572	0.724814
-0.695817	0.696183	-0.176545
-0.314684	0.801845	0.507955
-0.456474	0.740927	-0.492604
-0.320637	0.632386	0.705181
-0.247096	0.968977	-0.00525575
-0.583267	0.54817	0.599425
-0.17219	0.319555	-0.931792
-0.381806	0.0226244	0.923966
-0.503243	0.471422	-0.724229
-0.399303	-0.319492	0.859349
-0.366786	0.911552	0.185854
-0.663373	0.447443	0.599776
0.481348	0.0755644	-0.873267
-0.755773	-0.473718	0.452104
0.0462261	0.785813	-0.616735
0.306597	-0.624313	-0.718493
0.233249	0.163689	-0.958541
0.0310453	-0.486843	-0.872937
0.413874	0.226914	-0.8816
0.149582	-0.986917	-0.0601719
-0.124557	-0.662582	-0.73856
-0.896317	-0.199415	-0.396044
0.812706	0.444644	-0.376565
0.459353	-0.414019	-0.785865
-0.0740125	-0.677304	0.731971
-0.995408	0.0758299	0.0584123
-0.420501	-0.405071	-0.811848
-0.549268	0.155287	-0.821091
-0.274405	-0.858992	-0.432243
-0.0458875	-0.500142	-0.864727
-0.654113	-0.723277	0.221375
-0.961074	-0.230719	-0.152003
-0.513371	-0.474681	-0.714932
-0.31147	-0.365662	-0.877085
-0.400019	0.484607	0.777908
-0.964411	-0.248845	0.0893774
-0.289238	-0.116806	0.950104
0.0387364	-0.514326	0.856719
-0.342497	0.434317	-0.833105
0.840682	-0.373177	0.392419
-0.973428	-0.108402	-0.201712
-0.709415	-0.37939	0.593964
-0.539971	0.832578	0.123476
-0.395884	0.714523	0.576829
-0.576846	-0.232111	-0.783181
-0.0534315	-0.602422	-0.796387
-0.528786	0.36796	-0.764847
-0.614102	0.616469	0.492793
0.787159	0.616729	-0.00511931
0.300047	0.449336	-0.841468
0.047199	0.117126	-0.991995
0.365508	0.719589	-0.590419
0.800575	0.442429	0.404148
0.434168	0.845694	-0.310321
-0.331255	-0.18274	0.925676
-0.782977	0.319395	0.533792
-0.801716	-0.578949	0.148557
-0.540415	-0.642396	0.543396
-0.206322	-0.851968	-0.48123
-0.895082	-0.445703	0.0133157
-0.290472	0.382378	-0.877162
-0.953835	-0.144594	0.263231
0.406584	0.808635	-0.425205
-0.366489	0.465072	-0.80585
-0.392964	0.33097	-0.857926
-0.0115278	0.927966	-0.372485
0.530013	-0.436315	-0.727128
0.710187	0.594746	-0.376711
-0.718532	-0.286028	-0.633956
0.583273	0.204989	-0.785985
0.571625	0.77612	-0.266237
0.217079	0.975148	0.0443156
-0.502993	0.48627	-0.714521
-0.719558	-0.336663	-0.607367
-0.751174	0.451303	-0.481729
0.590615	-0.411196	-0.694328
-0.964353	0.169322	0.203355
-0.430231	0.867507	0.249667
0.529228	0.829196	0.179864
-0.0675905	0.35206	0.933534
-0.126343	0.230914	0.964736
-0.580633	0.485012	0.653933
-0.281732	0.596659	-0.751415
-0.492983	0.869175	-0.0387658
-0.588526	0.774222	0.232846
-0.837954	0.541709	-0.0662139
-0.086434	0.996251	-0.0035755
-0.178817	-0.0963866	-0.97915
-0.681552	0.513025	-0.521816
-0.0119413	-0.0501745	-0.998669
-0.678447	0.308658	-0.666663
-0.807801	-0.0614839	-0.58624
0.406204	0.837058	0.366513
-0.723534	0.620687	0.302069
0.239679	0.896792	0.371912
-0.0194975	0.966422	-0.256218
-0.40596	0.893536	-0.191808
-0.203384	-0.765832	0.61003
-0.486628	0.870391	-0.0749236
-0.885829	0.418073	0.201301
-0.26343	-0.642303	-0.719758
-0.429632	0.813255	-0.392471
-0.707159	-0.69043	0.152423
0.778929	0.378144	-0.500276
-0.833208	0.517857	-0.193876
-0.799819	-0.253658	-0.54401
-0.106238	-0.367165	-0.924069
0.48808	0.852	-0.189402
0.422749	0.906054	-0.0186821
-0.83347	0.40267	-0.378398
0.510565	-0.782643	0.356081
0.17873	-0.775111	0.606019
0.534018	0.794905	0.288011
-0.306912	-0.802471	0.511708
0.473851	0.823049	0.31314
-0.343466	0.0129285	0.939076
0.852881	0.438268	-0.283752
0.830388	-0.458175	-0.317067
0.921435	0.316424	0.225463
-0.552268	-0.833231	-0.0269428
-0.248984	-0.345362	-0.904838
0.331725	-0.339434	-0.880195
-0.1579	-0.426014	0.890831
0.593404	-0.771275	-0.230232
0.610663	-0.322488	0.723251
0.256174	0.081731	0.963169
-0.419966	0.0976682	-0.902269
0.503903	-0.836225	-0.216357
0.626092	-0.676683	0.387439
0.847544	-0.276716	-0.452877
-0.396217	0.283043	-0.873441
0.594542	-0.803802	-0.0205513
-0.18922	-0.658418	-0.728479
-0.404512	-0.640099	-0.653179
0.519978	-0.853848	-0.0238155
0.332706	-0.564867	0.755137
0.75664	-0.480863	0.443019
0.046752	-0.763444	-0.64418
-0.302813	-0.821223	-0.483629
-0.114063	-0.293606	-0.949097
-0.717856	-0.225743	-0.658576
-0.981968	-0.0759975	0.1731
-0.539727	0.841829	0.00439686
0.122906	-0.802011	-0.584528
-0.278928	0.0536151	0.958814
-0.0812601	0.400369	0.912744
-0.0442748	0.991632	-0.121269
-0.0210833	0.826772	0.562142
0.427029	0.428678	-0.796167
-0.132684	-0.121457	-0.983689
0.46223	0.2953	-0.836147
0.0674449	-0.349868	-0.934368
0.635043	-0.764285	-0.112196
0.0627498	-0.148063	-0.986985
-0.202895	-0.77436	0.599332
-0.185182	-0.573061	0.798317
-0.209339	-0.4911	0.845576
-0.7577	-0.51317	0.403172
-0.940534	-0.304916	0.149739
0.0209348	-0.953166	-0.301721
-0.457199	0.852759	0.25253
0.487343	0.077824	0.869736
0.762185	-0.352043	0.543267
0.291115	0.547758	0.784356
0.280282	0.69899	0.657917
0.0692035	0.714634	0.696067
0.483989	0.424011	-0.765486
0.433127	0.256542	-0.864053
0.150636	0.406349	-0.901216
-0.106316	-0.844128	-0.525495
0.60982	-0.758469	-0.229879
0.61624	-0.516607	-0.594446
0.410737	-0.598454	0.687858
-0.637444	-0.378273	0.671249
-0.18126	-0.888247	0.422092
0.487813	-0.837413	0.246534
-0.0484527	0.254813	0.965776
-0.303678	0.390715	0.868977
0.226879	0.910648	0.345321
0.542555	0.824746	0.159462
-0.00519404	0.736975	0.675901
-0.401707	-0.348506	-0.846862
0.800655	0.318281	-0.50759
0.25567	-0.929861	-0.264559
0.0793663	-0.326608	-0.941822
-0.837973	-0.486995	0.246244
-0.256204	-0.89123	0.374258
-0.696035	-0.717732	0.019908
-0.202397	-0.803085	-0.560438
-0.0500981	-0.951487	0.303582
-0.0386311	0.474828	0.87923
-0.0122174	-0.812267	0.583158
-0.772627	0.156098	0.615371
-0.892407	0.137963	-0.429624
-0.456731	0.662317	-0.593913
-0.503673	0.8159	-0.283938
-0.641777	0.543977	-0.540567
-0.829407	-0.118462	-0.54594
0.481376	-0.212463	0.850374
0.370792	0.021193	-0.928474
0.926753	-0.268546	-0.2627
0.375474	0.105899	-0.920763
0.553027	-0.639572	0.533956
0.0635113	0.301409	-0.951377
0.969689	0.10552	0.220385
0.312747	0.768042	-0.558839
-0.540227	0.776753	-0.323744
-0.178829	0.785373	-0.592629
0.310459	0.9346	0.173604
-0.58979	0.806761	0.035842
-0.60045	0.249739	0.759664
-0.61157	0.539018	0.579173
-0.167277	0.134534	0.976688
-0.152347	0.937056	-0.314193
-0.396892	-0.0417775	0.916914
0.180036	0.489714	0.853093
0.216206	-0.51382	0.830207
-0.791299	0.594029	-0.144825
-0.0640992	-0.78087	0.621396
-0.658584	0.641587	-0.393235
-0.176756	-0.455224	0.872656
-0.985123	0.114559	-0.128095
0.141782	-0.28961	0.946585
-0.2435	0.434073	-0.867346
0.0773725	0.0638183	0.994958
-0.754904	0.427513	-0.497346
0.180114	-0.983484	0.0178624
0.787931	0.458487	-0.411041
0.990614	-0.123079	0.0594536
0.935479	0.346682	-0.0684856
0.683703	0.727954	-0.0513134
0.248861	0.87094	0.423712
0.82038	0.504563	-0.269061
-0.65626	0.752771	-0.0515521
0.0525944	0.636771	-0.769257
-0.760261	0.165344	0.628223
-0.303178	0.29344	0.906629
-0.767421	0.604929	-0.212429
-0.00199034	0.742578	0.669756
-0.629913	-0.391126	0.670992
-0.133093	0.601273	0.787882
-0.766144	-0.54782	-0.336031
-0.729897	-0.0245645	0.683115
-0.923943	0.367656	-0.105631
0.891783	0.139568	-0.4304
-0.455127	-0.308041	-0.835446
-0.415196	0.909723	0.00416888
-0.0125141	0.999918	-0.00271854
0.301722	-0.186598	-0.934957
-0.81386	0.0188851	0.580755
-0.606206	0.572128	0.552435
0.376794	-0.78592	-0.490261
-0.525122	0.439331	-0.728859
0.990003	-0.0947528	0.104483
-0.658081	-0.721731	0.214555
0.651665	0.758369	0.0144428
-0.343518	0.777893	-0.526192
-0.0510239	0.429659	-0.901548
0.543854	0.824509	0.156228
-0.987061	0.0345362	-0.156579
-0.383155	0.308371	0.870689
-0.528946	-0.770421	0.355905
-0.217342	0.602625	0.767858
-0.164925	0.495066	0.853059
-0.523217	0.852078	-0.0144008
-0.861681	-0.498644	-0.0941239
-0.312024	0.725068	0.613936
-0.919919	-0.150807	0.361948
-0.854428	0.480187	-0.198425
-0.911605	-0.122046	0.392531
0.173763	0.972801	0.15318
-0.0958465	-0.946813	0.307178
-0.653703	0.108889	0.748876
-0.899703	-0.0917687	-0.426746
-0.228914	0.908004	-0.350896
-0.816798	-0.549267	-0.176484
0.53878	0.699477	0.46952
0.234546	0.146073	0.961067
0.0916066	0.669446	0.737191
0.276125	-0.593196	0.756223
-0.0321043	0.727155	0.685722
0.812246	0.31212	0.492786
0.87536	0.272606	0.399287
-0.357307	0.656435	0.664398
0.996104	-0.0657525	0.0587598
0.644266	0.447317	0.620346
-0.256958	-0.42684	0.867053
0.211669	0.870391	0.444539
0.453609	-0.859335	-0.236182
0.129631	0.966313	-0.222338
0.534105	0.804932	-0.258488
0.417545	0.665027	0.61919
0.420047	0.888396	0.185236
0.469751	0.703425	-0.533411
-0.292093	0.945622	-0.143112
0.424568	0.804132	-0.416069
0.328147	0.944614	0.00489648
-0.330937	0.70304	0.629457
0.476169	0.862322	-0.172233
0.728014	0.400375	0.556504
0.40971	0.763752	0.498819
0.194374	0.641427	0.742152
0.473943	0.59638	0.64785
-0.241847	0.953017	0.182397
-0.381724	0.799843	0.463182
0.0877107	0.800575	-0.592779
-0.361061	0.896631	0.256297
0.973403	0.212913	0.0845879
-0.349952	0.871277	0.344107
0.178566	0.622119	-0.762288
-0.350422	0.924235	-0.15164
-0.0903959	0.55861	-0.82449
0.444263	0.42863	-0.786706
0.810146	0.233206	-0.537846
0.412911	-0.663975	-0.623412
0.0161872	0.882887	-0.469307
0.922309	0.260928	-0.285066
-0.194527	0.980879	0.00603299
0.160565	0.466351	0.869906
0.797771	0.59199	0.114495
-0.27486	-0.549057	-0.789296
-0.0130434	0.999841	-0.0121567
0.877619	0.264315	0.399903
-0.167112	0.910816	-0.377475
0.525034	0.818231	-0.234175
0.31705	0.436624	-0.841926
0.469326	0.666971	-0.578691
-0.417414	0.897599	0.14171
0.0709896	0.968026	-0.240594
-0.42637	0.389192	0.81654
0.380214	0.257693	-0.888274
-0.189114	0.559802	0.806757
-0.692871	0.580764	0.427368
0.204107	0.97827	-0.0364532
0.214268	0.93626	0.278401
-0.304739	-0.0791184	0.949144
-0.433974	0.472139	0.767302
-0.447909	0.191352	0.873362
0.079081	0.953532	0.290728
0.486143	-0.101468	0.867969
-0.100243	0.922781	0.372057
0.351766	0.251254	0.901739
0.124171	0.937699	0.324502
0.356899	0.717259	-0.598466
-0.305999	-0.397988	-0.864853
-0.3514	0.866647	-0.354178
0.193149	0.30892	-0.931269
-0.229633	-0.711504	-0.664101
-0.207481	-0.722193	-0.65984
-0.327047	-0.81206	-0.483321
-0.659096	-0.673401	0.334848
0.0683382	-0.340624	-0.937713
-0.279397	0.0270784	0.959794
-0.364948	-0.843364	0.394399
0.0102625	0.0659188	0.997772
-0.138447	-0.254254	0.957177
-0.49366	-0.354308	0.794207
-0.317588	-0.18597	0.929813
0.391023	-0.911736	0.125849
0.26448	0.117285	0.957233
0.825511	-0.422527	0.374168
0.447034	0.609839	-0.654414
0.797345	-0.598456	-0.0780452
0.140029	0.238778	-0.960925
-0.115907	-0.491764	-0.862979
0.740299	0.585336	-0.330665
-0.393023	-0.776351	-0.49276
0.271696	-0.888422	-0.369984
-0.669225	-0.296073	-0.681527
0.326354	0.944683	-0.0326612
-0.034729	0.0455178	-0.99836
0.552229	0.780699	-0.292494
0.134454	0.821919	-0.553509
0.535759	0.567846	0.624911
0.982441	0.0793884	-0.168842
0.732537	0.346059	-0.586201
-0.347872	0.825582	-0.444297
0.508215	0.649754	-0.565276
0.509496	0.771052	0.381958
0.725005	0.411555	-0.552259
0.356054	0.813964	-0.459008
-0.212553	-0.319993	-0.923269
0.205927	0.772116	-0.601192
-0.683087	0.686927	-0.24804
-0.666377	-0.74499	-0.0305055
0.10543	-0.993152	-0.0503316
-0.623948	-0.541717	0.563234
-0.468548	-0.46336	0.75217
0.160784	-0.809147	0.56518
-0.173217	-0.78956	0.588719
0.867897	-0.490169	0.0805602
0.701671	-0.681064	-0.209306
-0.587002	-0.464689	-0.662943
0.733438	-0.671819	-0.10358
-0.578059	0.655569	-0.485878
-0.758366	-0.342901	-0.554347
0.494848	0.3225	-0.806919
0.168502	0.0245371	-0.985396
0.804122	-0.521511	0.285332
0.621317	-0.552872	-0.555246
0.0725912	-0.91842	-0.388891
-0.532952	-0.512535	-0.673254
-0.193092	-0.934363	-0.299469
-0.255291	-0.471374	-0.844176
-0.643936	-0.649424	-0.404468
-0.0643997	-0.367712	-0.927707
0.245285	-0.640243	-0.727959
-0.583507	-0.0871299	-0.807421
0.689525	0.453564	-0.564655
-0.636427	-0.542372	-0.548446
-0.437741	-0.425061	-0.792279
-0.15884	-0.979932	0.120433
0.500294	-0.552168	-0.666945
-0.742825	-0.375262	-0.554427
0.979558	-0.135952	0.148269
-0.518901	-0.643922	-0.562234
0.505712	-0.0694524	-0.859902
-0.0847908	-0.608292	-0.789172
0.901803	0.17433	-0.395425
-0.858973	-0.507585	-0.0672563
-0.457953	0.701014	0.54668
-0.581651	0.29635	-0.757535
-0.881495	0.135618	-0.452299
-0.953329	-0.292973	0.0730083
-0.179185	0.316963	0.931358
-0.696074	0.591921	0.406339
-0.717143	0.596983	-0.359608
-0.867666	0.177491	0.464385
-0.260356	0.780982	0.567698
-0.800243	0.383045	-0.461397
0.74591	0.639252	-0.187017
0.154311	-0.757832	-0.63394
-0.442044	-0.479715	-0.757938
-0.829161	0.38677	-0.403611
-0.755871	-0.628607	0.183065
0.402327	-0.852369	-0.334065
-0.586082	-0.807375	-0.0682135
-0.824364	-0.540508	-0.168154
0.291325	-0.93784	0.188642
-0.438562	0.114295	-0.891403
-0.141084	0.918093	-0.370406
-0.190202	-0.753433	-0.629414
-0.480423	-0.347295	-0.805345
-0.401675	-0.883068	0.242587
0.221538	-0.526498	-0.820805
0.836191	-0.024846	0.547875
-0.854355	0.401722	-0.329693
-0.183399	0.973742	-0.134873
0.618031	-0.453079	0.642461
0.32087	-0.733459	-0.599233
0.066556	-0.947066	-0.314063
0.993241	0.115988	-0.00439273
0.817624	-0.0283037	0.575056
0.272395	-0.182341	-0.94475
-0.960026	-0.141624	-0.24144
-0.187483	-0.941142	-0.281251
-0.0500088	-0.775158	-0.629785
-0.411179	0.811128	-0.415936
0.203941	-0.060419	-0.977117
-0.490607	-0.636872	-0.594726
-0.573142	-0.0676769	0.816657
0.555876	-0.829336	0.0565999
-0.399771	0.456263	-0.794989
-0.6543	-0.338603	0.676195
-0.122124	-0.134083	-0.983416
0.472349	0.46486	-0.748861
-0.738736	-0.0517475	-0.672006
-0.849705	-0.455078	-0.266283
0.969693	-0.236922	-0.0596959
0.562286	0.345367	-0.751369
-0.184342	-0.81667	-0.546871
-0.732041	0.504563	-0.457746
0.422459	-0.862009	-0.280123
0.375745	0.545827	-0.748925
-0.736586	-0.632152	-0.240467
-0.603181	0.263256	-0.752907
-0.734525	-0.610384	0.296486
-0.811885	0.488668	-0.319447
-0.547385	-0.613424	-0.569281
-0.8371	-0.441588	-0.322898
-0.695423	0.560461	0.449745
-0.849387	-0.164029	-0.501633
-0.850011	-0.333946	-0.407384
-0.319059	-0.453535	-0.83217
-0.847793	-0.0208587	-0.529917
-0.449465	-0.778339	-0.438372
-0.157384	-0.517129	-0.841313
0.0514688	-0.309825	-0.9494
-0.618645	-0.700141	-0.356485
-0.803336	-0.30245	-0.513006
-0.300428	-0.45399	-0.83883
0.166928	0.228505	-0.959125
-0.447739	-0.230036	-0.864068
-0.857879	0.398836	-0.323997
-0.686268	0.0202985	-0.727066
-0.432095	0.200513	-0.879254
-0.365592	0.320502	-0.873854
-0.412923	-0.376828	0.829153
-0.601743	0.425608	0.675843
0.434999	-0.32337	0.840362
0.690902	0.38571	0.611459
-0.0768588	-0.805291	-0.587877
-0.379843	0.101872	-0.919424
-0.907578	-0.313907	0.278862
-0.658213	0.625231	-0.419334
0.225838	-0.968923	-0.100924
0.761092	-0.580018	-0.290374
-0.0406796	-0.478701	-0.877035
0.416604	-0.886619	-0.200868
-0.897889	-0.362971	-0.249094
-0.624187	-0.665457	0.409339
-0.0732865	-0.978552	-0.192522
-0.551735	0.81612	0.171859
0.0812993	-0.501958	0.861062
0.261527	-0.869906	-0.418171
-0.27133	-0.714614	-0.644753
-0.728082	0.0520369	-0.683512
0.65001	-0.298644	-0.698784
0.612032	-0.281408	-0.739071
-0.400349	-0.332047	-0.854088
-0.38422	-0.912679	0.139257
0.279223	-0.954727	-0.10262
-0.355126	-0.821807	-0.445554
-0.621211	-0.630109	-0.465896
-0.328651	-0.0594501	-0.942578
0.362791	-0.93176	0.0143347
0.34303	-0.61989	0.705739
0.0751027	-0.996825	-0.026435
0.241228	0.915243	0.322707
0.249112	-0.790539	0.559456
-0.0942763	0.859177	-0.502918
0.171563	0.650878	-0.739543
-0.160479	0.540098	-0.82616
-0.876973	0.320917	0.357674
-0.625405	0.768404	0.135732
-0.347543	0.846238	-0.403851
-0.823417	0.120214	-0.554557
-0.259342	-0.683897	-0.681928
-0.778929	-0.608473	-0.151754
0.49016	0.793835	-0.359958
0.203103	-0.334397	-0.920287
0.132139	-0.216889	-0.967212
0.500393	-0.840186	-0.209033
-0.7059	0.00207574	-0.708308
0.0559118	-0.882999	-0.466033
-0.53016	-0.805708	0.26413
-0.703302	-0.148734	-0.695158
-0.360651	-0.838724	0.40801
-0.413531	-0.498189	0.762102
-0.636446	-0.333637	0.69543
-0.459269	-0.851257	0.253838
-0.520358	-0.606062	-0.601595
-0.563745	-0.671202	-0.481331
-0.289281	0.130875	-0.948255
-0.234519	0.604349	0.761422
-0.747353	0.661128	0.0661261
-0.483008	0.309185	0.819212
-0.300964	0.262959	0.916664
-0.306157	0.375434	-0.874824
-0.64471	-0.515116	0.564805
-0.888311	0.380138	-0.257679
-0.53263	-0.1494	-0.833057
-0.645386	-0.6093	0.460685
-0.919519	-0.0108454	-0.392897
-0.809184	-0.283738	-0.514504
-0.149382	-0.177435	-0.972729
-0.600366	0.480411	-0.639348
0.616407	0.167244	-0.769462
-0.0508232	-0.206669	-0.97709
-0.709954	0.424003	-0.562305
-0.460067	0.792669	-0.400019
0.647475	0.761489	0.0301752
-0.464138	0.839386	-0.282857
0.881756	-0.123154	0.455346
-0.536707	0.84252	0.0458923
-0.195873	0.552501	-0.810171
0.479668	0.190843	-0.856445
-0.766266	-0.634056	0.103968
-0.986245	-0.150739	0.0678163
0.425347	-0.566861	0.705513
0.210427	-0.946947	-0.242925
0.42158	0.474641	-0.772649
-0.703282	-0.547791	-0.453121
-0.504102	-0.470101	0.72449
-0.16727	-0.4243	-0.889938
-0.954768	0.00644377	-0.297283
-0.132444	-0.750155	-0.647863
-0.287788	0.775635	-0.561755
-0.377398	-0.926039	0.00481346
-0.152992	-0.962554	-0.223791
-0.0790666	-0.980494	0.179942
0.215122	-0.427361	-0.878114
-0.234192	-0.674827	-0.69983
-0.610172	-0.705337	-0.360817
-0.937026	0.232816	0.260343
-0.965089	-0.248461	-0.0828937
-0.52255	-0.601423	-0.604345
-0.46212	0.660652	-0.591594
-0.52993	-0.412904	-0.740733
-0.0672255	0.575637	-0.814937
0.52255	-0.254685	0.813681
0.163024	-0.212694	0.963423
-0.188444	-0.9565	0.222703
-0.21904	-0.377153	0.899876
-0.604995	-0.761017	0.234169
-0.180901	-0.0339226	-0.982916
-0.284997	-0.898321	-0.334359
0.770632	0.288119	0.568431
-0.827452	0.413204	-0.380243
-0.853879	-0.136255	-0.502319
0.510265	0.739588	-0.438907
0.245155	-0.36222	-0.899275
0.743229	0.655463	-0.134084
0.41757	-0.839321	0.348104
0.839189	0.372658	-0.39609
0.96292	-0.152564	0.222506
-0.787342	0.418391	0.452815
0.580293	-0.756827	-0.300787
0.128585	0.46543	0.875694
0.549453	0.295145	0.781659
-0.0529449	-0.103289	0.993241
0.686151	-0.669285	-0.285051
0.16648	-0.535189	0.828165
0.804473	-0.385978	-0.451491
0.862457	-0.128322	0.489593
-0.379578	-0.89141	-0.247607
0.957985	-0.238082	-0.159941
0.776532	-0.628487	0.0447417
0.792884	-0.60937	0.001874
0.968915	-0.202068	-0.14273
0.736926	-0.338303	-0.585227
0.728799	0.501204	-0.466527
0.401728	-0.244638	-0.882478
0.851242	0.020545	-0.524371
0.632153	-0.645172	-0.42911
-0.0457571	0.966119	0.254007
0.241141	0.502365	0.83035
-0.00482867	0.63016	0.776451
0.385165	0.893005	-0.232788
0.174682	0.498512	0.849101
-0.747158	0.374048	0.549402
-0.249911	0.901119	0.354301
-0.907422	0.295049	-0.29922
-0.21761	0.931966	-0.289975
-0.489044	0.834923	0.252466
0.629155	0.653722	0.42049
0.879156	-0.360243	0.311946
-0.282018	0.0738731	0.956561
-0.363694	-0.931406	-0.0144612
-0.251432	-0.410871	-0.876337
-0.990226	-0.138592	-0.0156189
0.455649	0.880322	0.131973
0.262514	-0.647547	-0.71538
-0.887875	0.382384	-0.255851
0.913566	0.107472	0.392232
-0.862484	-0.468028	0.19254
0.999788	-0.0134278	0.015589
0.833594	-0.431525	-0.344829
0.343248	0.934929	-0.0899355
0.96284	0.121731	0.241083
-0.268355	0.953108	-0.139894
0.802694	0.595075	0.0395916
-0.0164286	-0.206567	-0.978295
-0.946717	-0.176617	-0.269319
-0.250799	-0.772276	0.583687
0.191837	-0.187166	-0.963414
0.227945	-0.963018	-0.143655
0.293304	-0.508542	0.809542
0.776101	-0.622218	-0.102528
0.946844	0.227041	0.227899
0.542998	0.0149703	-0.8396
0.461975	0.802546	-0.377491
0.62515	0.117015	-0.771683
0.693565	-0.49342	0.524886
0.897283	0.383182	0.219213
0.650042	0.193853	0.734756
0.762399	0.285004	0.580965
0.562723	0.749465	0.348777
0.987932	0.0495101	-0.146759
0.015752	0.762515	0.646778
0.683946	0.718758	-0.124919
-0.059849	0.989085	-0.134642
0.644989	0.623952	0.441217
0.68886	0.672253	-0.271197
-0.681666	0.655562	-0.324915
-0.0633305	-0.708735	0.702626
0.309964	-0.024033	-0.950445
-0.52574	0.00652889	0.85062
0.394033	0.622079	-0.676576
-0.908408	0.0157975	-0.417786
0.869001	-0.202697	-0.451388
0.804041	-0.588617	0.0839565
-0.109961	-0.351289	0.929787
-0.731814	-0.65317	0.194467
-0.883823	-0.432766	0.177679
-0.930181	-0.280805	0.236458
-0.413622	0.871149	0.264607
-0.386492	0.85143	0.354529
-0.383482	0.821161	-0.422654
-0.349426	-0.855467	0.3822
-0.702281	-0.49782	-0.508898
0.973889	-0.204528	0.0985298
-0.396334	-0.83246	-0.387208
-0.560149	-0.493857	-0.665085
0.283848	-0.94809	0.143374
0.213204	-0.726189	0.6536
0.124445	-0.990596	0.0568626
0.928268	-0.370633	0.0308182
0.221155	0.927664	-0.300883
0.309293	0.800325	0.513632
0.773879	0.593815	0.220215
0.355214	0.681877	0.639427
0.282862	0.683141	0.673281
-0.244458	0.341029	0.907711
-0.411863	0.818618	0.400292
0.528109	0.703312	0.475871
0.672728	-0.341496	0.656367
0.488511	0.0207698	-0.87231
-0.730941	0.276285	-0.624013
-0.848889	-0.198161	-0.490019
-0.376982	0.895702	-0.235803
0.656486	0.286739	0.697716
0.82181	-0.25355	0.510236
0.441031	0.895322	-0.0623728
0.453412	0.716276	0.530439
0.578227	0.64494	-0.499707
0.0455328	0.984346	-0.170263
0.731723	0.62115	0.280631
0.614074	0.744919	-0.260784
-0.820168	0.567015	-0.0762807
-0.634972	0.295099	0.713952
0.156676	0.987557	-0.0135878
0.899146	0.436145	-0.0362459
0.718679	-0.545918	0.430667
0.848358	0.491218	0.197469
0.708544	0.541345	0.452671
0.839642	-0.299628	-0.453017
0.589229	0.803377	-0.0859884
0.647956	-0.587686	0.48454
0.910665	0.373353	0.176907
0.0236051	0.0475706	0.998589
0.921656	0.110208	0.372028
0.399776	-0.269764	0.876017
0.20186	-0.649728	0.732875
0.893353	-0.173093	0.41468
0.997404	0.00740717	0.0716224
0.296144	0.629709	0.718168
0.688028	-0.192702	0.699631
0.0524864	0.676916	0.734186
0.295192	-0.95539	-0.00957961
0.905346	0.390192	0.16763
0.509044	-0.773891	-0.376785
0.257984	-0.453396	-0.853157
0.38752	-0.649905	-0.653798
0.73655	-0.586663	0.336631
0.51832	-0.615186	-0.594046
0.841452	-0.0759228	-0.534972
-0.856412	-0.412509	-0.310476
-0.325097	0.815001	-0.479672
0.504638	-0.121657	-0.854717
0.168689	0.538552	-0.825534
-0.366038	0.30361	-0.87968
0.426449	0.714136	-0.555114
-0.309482	0.869008	0.386064
-0.769594	0.596701	0.227317
0.452553	0.310282	0.836015
0.0789248	0.486836	0.86992
0.595846	-0.187044	0.781013
0.641516	0.517952	0.565847
0.218712	0.753034	0.620568
0.31019	0.563514	0.765659
0.508735	0.812551	-0.284517
0.597691	0.797522	0.0819933
0.465323	0.876624	0.122498
0.834618	-0.273131	0.478344
0.818968	0.0562235	0.571078
-0.0665753	0.381368	0.922023
0.495769	0.753848	-0.431192
0.586706	0.175876	-0.790471
0.108741	0.972386	-0.206497
-0.802064	-0.543534	-0.247516
-0.741398	0.208584	0.637826
0.282133	0.946326	0.157697
0.468438	0.455868	0.756803
0.644516	-0.271122	-0.714907
0.182228	0.940749	-0.285981
-0.165707	0.557103	0.813743
0.145794	-0.393254	0.907797
-0.357547	0.541896	0.760598
0.437641	0.874402	0.209502
-0.0087383	0.287613	0.957707
