2175
-0.609632	0.513726	0.603684
-0.830403	0.464382	0.307863
-0.330465	0.939753	0.0875053
-0.197059	0.960178	0.198054
-0.509006	0.594099	0.622864
-0.0825129	0.342753	0.935795
0.738218	0.484062	0.469807
-0.145328	0.538071	0.830276
-0.52668	0.659305	0.536587
-0.0672336	0.20365	0.976733
-0.000287376	0.515825	0.856694
0.551645	-0.000985457	0.834079
-0.67739	-0.248595	0.692346
0.24061	0.947809	0.2092
-0.916197	-0.272369	0.293934
0.239777	0.539445	0.80716
-0.628204	0.60879	0.484494
-0.745127	0.298538	-0.596373
-0.733501	-0.330971	-0.593662
-0.378324	-0.575547	-0.724995
-0.776042	-0.109834	-0.621044
-0.576557	-0.380405	-0.723101
-0.321647	-0.946237	-0.0343268
0.137237	-0.989045	-0.0543735
-0.920982	-0.140639	-0.363337
0.0290484	-0.19689	-0.979995
-0.0359669	0.982522	-0.182637
-0.104811	-0.731239	-0.674021
-0.0293765	-0.253725	-0.96683
-0.781941	-0.385923	-0.489521
-0.807942	0.572127	0.14107
-0.718264	-0.334961	-0.609834
-0.443918	0.714992	0.540113
-0.101951	0.0798373	-0.991581
-0.438044	0.0840834	0.895012
-0.196146	0.154261	-0.968365
-0.610283	0.758561	0.228342
0.15536	0.853841	0.496809
0.00835019	0.826839	0.562376
0.699256	-0.440037	0.563391
0.28244	0.340259	0.896912
-0.116398	0.396149	0.910778
0.612153	0.667754	0.423526
0.136285	0.67321	0.726784
0.164399	0.885737	-0.4341
-0.0442687	0.817327	0.574471
0.260519	0.250325	0.932452
0.790764	-0.508742	0.340402
-0.894727	0.425314	0.136275
0.981827	0.168502	-0.0873123
-0.250127	-0.171321	0.952935
0.132939	-0.645724	0.75191
0.982905	-0.113843	-0.144701
-0.438399	-0.865475	0.242402
0.375957	0.44652	0.811958
0.976492	-0.18105	-0.116978
-0.481686	-0.790141	-0.37902
-0.74821	0.090305	-0.657287
-0.910898	-0.307027	-0.275679
-0.821232	0.378187	-0.427261
-0.642508	-0.587672	-0.491757
-0.805874	-0.554928	0.206449
-0.995716	0.00314604	-0.0924161
-0.60183	0.447167	-0.661697
-0.828485	0.331332	-0.451477
-0.748856	-0.441869	-0.49393
-0.253432	0.669863	0.697894
0.591689	0.783216	-0.190991
0.250106	0.75443	-0.606863
0.593964	0.600021	-0.535893
0.642519	0.372888	0.66942
0.173423	0.980106	0.0965237
-0.665049	-0.072659	-0.743256
0.241925	0.697579	-0.67443
-0.616353	0.706118	-0.348578
-0.898806	0.234979	-0.370044
0.812505	0.0828987	0.57703
-0.422031	-0.77048	-0.477755
-0.796232	-0.443657	-0.411319
-0.511824	-0.730611	-0.451934
0.880734	-0.133853	0.454302
0.172534	0.218189	-0.960534
0.327335	-0.555683	-0.764244
-0.193552	0.452732	-0.870386
0.334279	0.014806	-0.942358
0.486479	0.870923	-0.0695058
0.569508	-0.444372	-0.691516
0.927126	0.0260856	-0.373842
0.81681	0.17107	-0.550959
0.931623	-0.350014	-0.09782
0.611178	0.736484	0.289917
-0.0459498	0.983761	-0.173503
0.887344	0.410449	-0.210124
0.494484	-0.169122	-0.852574
0.188322	-0.721591	-0.666214
-0.00171897	-0.209488	-0.97781
0.206206	0.746919	-0.632132
0.122437	-0.516221	-0.847659
0.721726	-0.646544	-0.247169
-0.245762	0.159409	-0.956133
0.950503	0.308607	-0.036135
0.363008	0.559756	-0.744915
0.811912	0.179605	0.555465
-0.189378	-0.92153	0.338997
0.611862	0.790376	-0.0305024
0.915453	-0.393642	0.0836217
0.617236	-0.393151	0.681507
0.817539	0.0105403	-0.575777
0.698968	-0.266266	-0.663737
0.724209	-0.104969	-0.681544
0.622093	-0.618168	-0.480488
0.739931	0.255885	-0.622113
-0.415573	0.425783	0.803747
0.152827	-0.833062	-0.531651
0.980487	0.1241	-0.15246
-0.371936	0.0975083	-0.923123
-0.420326	0.875345	0.238949
0.0501134	0.227672	-0.972448
-0.746191	0.32328	-0.581969
-0.863045	0.222514	-0.453476
-0.316878	0.760897	-0.566237
-0.468863	0.111714	-0.876178
0.818119	0.461637	-0.342889
0.411329	0.514642	-0.752298
0.681552	0.666218	-0.302723
-0.107869	0.993715	-0.0299017
-0.41835	0.64259	0.641919
-0.324079	0.754331	-0.570928
-0.705576	-0.042426	-0.707363
-0.665388	0.238839	-0.707259
-0.449632	0.58845	-0.67198
0.549082	0.58388	-0.597991
0.298188	0.861228	-0.411548
0.0136672	0.178369	-0.983869
0.870088	0.279996	-0.405648
0.328944	-0.340896	-0.880674
0.644684	-0.3129	-0.697479
0.686567	-0.539326	-0.487599
-0.13069	-0.382009	-0.914871
-0.252426	-0.795803	-0.550435
-0.480326	0.77193	-0.416427
0.122521	0.1896	-0.974187
-0.223407	0.169581	-0.95986
-0.0996603	0.52351	-0.846171
0.838277	0.180749	0.514414
-0.597586	0.601647	-0.530012
-0.988675	0.096209	-0.115177
-0.815437	0.255071	-0.519617
-0.214395	0.709889	-0.670889
-0.0766185	-0.622211	-0.779091
-0.179581	-0.793235	-0.581832
-0.779076	-0.588364	-0.216489
0.312332	-0.861179	-0.401022
-0.221056	-0.973032	-0.0658975
0.813294	-0.561722	0.151728
-0.752365	-0.505213	-0.422737
-0.131755	-0.990474	0.040025
-0.203007	-0.932061	0.300083
-0.347189	-0.920203	-0.180794
-0.169339	-0.981086	0.0937755
0.991103	-0.00324395	-0.133056
-0.301837	-0.639767	0.706818
-0.385286	-0.874784	0.293782
0.272871	-0.961319	0.0375098
0.328557	-0.820541	-0.467722
0.525123	-0.736964	-0.425593
0.308813	-0.679846	-0.665165
-0.515656	-0.015077	-0.856663
0.232649	0.164543	-0.95854
0.473118	-0.750947	-0.460693
0.844138	-0.18878	-0.50179
0.389814	0.904944	0.170649
0.812283	0.412397	-0.412462
0.713236	-0.417401	0.56309
0.598419	-0.75765	0.260504
0.0742898	0.793606	-0.603879
0.31181	0.909167	-0.276026
0.0204185	0.919457	0.392659
0.556505	-0.7006	-0.446612
0.590469	0.630397	-0.50393
-0.896995	-0.0776618	0.435165
0.658518	-0.0872934	0.747485
0.190824	-0.978163	-0.0823576
0.312182	-0.825479	0.470241
0.12534	-0.976933	-0.172894
-0.114585	-0.979787	0.163972
0.0607768	-0.922299	0.381669
-0.156788	-0.943229	0.292809
0.407319	-0.701959	-0.584247
-0.75369	-0.532003	-0.385908
0.0803813	0.246621	-0.965773
-0.566751	-0.764283	-0.307676
0.519672	-0.301026	-0.799578
0.86766	0.496831	0.0180354
-0.182748	0.10251	-0.977801
0.256662	-0.836344	0.484411
0.888584	-0.401073	-0.22262
-0.207308	0.397873	-0.893711
-0.401748	0.856717	-0.323472
-0.0250738	0.119573	-0.992509
0.305879	0.612824	-0.728618
0.277439	-0.297043	0.91367
0.29377	-0.937824	0.184892
-0.779559	-0.401503	0.48071
0.36089	0.0180908	0.932433
-0.687237	0.418927	-0.593469
0.299489	-0.746378	-0.594329
0.752091	-0.487651	-0.443346
0.68235	-0.310964	0.661589
-0.854067	-0.515923	-0.0662781
-0.829959	-0.432121	0.35276
-0.152266	-0.0249074	-0.988026
-0.0583573	-0.980038	-0.190053
0.171641	-0.366997	-0.91425
-0.945282	-0.167555	0.279942
-0.928282	-0.370866	0.0274094
-0.421286	0.689307	0.589384
-0.882921	0.438675	-0.167377
0.705006	0.708618	-0.0287546
-0.0217072	0.924808	0.379814
-0.241402	-0.698223	0.673951
-0.273159	-0.805189	-0.52636
0.742103	-0.669835	0.0245596
-0.343269	-0.666851	-0.66142
0.548834	-0.363948	0.752544
0.420389	-0.817718	0.393205
-0.338409	-0.852687	0.398
-0.448217	-0.891512	0.0656313
0.614008	-0.317821	-0.722485
-0.53318	-0.570423	-0.62477
-0.207079	-0.952482	-0.223377
-0.540089	-0.839308	-0.0621794
0.629065	-0.29005	-0.721213
-0.0800116	-0.437181	-0.895808
0.47403	0.419154	-0.774342
-0.359281	-0.243767	-0.90083
0.249674	-0.859336	-0.446324
0.0123243	-0.0700103	-0.99747
-0.459871	0.877905	0.133426
-0.46255	-0.456671	-0.759934
0.00860313	0.711867	-0.702262
-0.365369	-0.535093	-0.761696
0.344193	0.524977	-0.778416
0.106953	0.845758	-0.522737
-0.240585	0.929207	-0.280522
-0.10002	-0.908164	-0.406489
-0.318739	0.852699	0.413896
-0.872203	0.395335	0.288048
-0.351633	0.935477	-0.0351777
0.105277	0.92231	0.371835
0.499826	0.853719	-0.146073
0.507943	-0.679342	0.529612
0.55468	0.46575	-0.689497
-0.409564	-0.90961	0.0697625
-0.477527	-0.878271	-0.0246701
0.716852	0.330525	-0.613902
-0.549101	-0.774853	0.313195
0.442924	-0.686405	-0.576772
-0.220974	0.709334	-0.66934
0.196873	-0.887576	-0.416474
0.688445	-0.297423	-0.6615
0.860971	-0.216939	-0.460072
0.95874	-0.281501	-0.0396792
0.695527	0.683306	0.222115
-0.537605	-0.382368	0.751516
-0.731746	0.670765	0.120921
-0.852083	-0.419372	0.313179
-0.515333	-0.833899	0.197594
-0.331582	-0.827664	0.452797
-0.618997	-0.774256	0.1318
0.461816	-0.826083	-0.322974
0.43201	-0.46467	-0.772948
0.879397	0.44781	-0.161638
-0.113029	0.747318	-0.654783
-0.701853	0.316959	-0.637918
-0.840495	0.233571	-0.488889
-0.68061	-0.106099	-0.724923
0.981325	-0.171062	0.0879752
0.901194	0.240068	0.360856
-0.144506	-0.293254	0.94505
-0.368609	0.77059	0.519922
-0.362409	-0.620787	0.695186
0.389464	-0.854456	0.343835
-0.908503	-0.143468	0.392477
-0.302807	-0.924658	-0.230904
-0.295204	-0.750019	0.591883
-0.506021	-0.853203	0.126441
-0.810242	-0.0152068	0.585898
-0.104229	-0.490727	0.865057
-0.314667	0.578878	0.752253
-0.601331	-0.748396	0.279829
-0.0657274	0.596797	0.799695
-0.626776	-0.115115	0.770649
-0.545075	0.837332	0.0420531
0.317315	-0.64243	0.697564
0.978928	-0.00285869	-0.204185
0.591923	0.78961	0.161692
-0.493761	0.409066	-0.767375
0.780434	0.622496	0.0584982
0.469836	0.882733	-0.00604038
0.740249	-0.285621	0.608647
0.88775	0.384911	0.252473
0.103219	0.0614703	0.992757
-0.646452	-0.658011	0.386163
0.43644	-0.894353	-0.0982521
-0.651091	-0.365804	0.665032
-0.0798155	-0.115914	0.990047
0.313819	-0.940042	-0.133562
0.358367	-0.930998	-0.0694029
0.248084	-0.922035	-0.297165
-0.230364	-0.956927	0.176701
-0.962753	-0.245533	-0.113229
-0.0767464	-0.833158	-0.547683
-0.187121	-0.862181	0.470776
-0.547163	-0.649054	0.528528
-0.81453	-0.377643	-0.44037
0.814738	-0.19907	-0.544585
-0.976241	-0.111135	-0.186018
0.142562	-0.00624487	0.989766
-0.390484	-0.775613	-0.49593
0.935187	0.0877738	-0.343104
-0.0831664	-0.91311	-0.39914
-0.577036	0.507504	-0.639897
-0.799362	-0.558678	0.221134
0.894898	-0.0738749	-0.440113
0.937872	-0.244431	-0.246271
-0.794273	0.459468	-0.397516
-0.791171	0.18278	-0.583644
-0.175527	0.97996	-0.0941708
-0.301716	0.639506	-0.707107
-0.484224	0.515173	-0.707194
0.00939667	0.698669	-0.715383
-0.81805	0.482656	-0.312791
-0.713814	-0.547228	0.437048
0.12638	-0.394018	0.910372
0.646765	-0.75473	-0.109899
0.293765	0.475469	0.829235
-0.707763	0.462348	0.534141
0.818617	0.45069	-0.356011
0.619946	0.532902	0.575919
0.32231	0.933612	0.156475
-0.973785	0.185962	-0.131
-0.00481412	0.747022	0.664781
0.10243	0.849738	0.517159
0.899211	0.247597	0.360716
0.560296	-0.431622	-0.706945
0.258849	-0.932769	-0.250878
0.259647	-0.957029	0.12915
-0.167637	-0.475799	0.863431
0.302777	0.370869	0.877942
-0.255868	0.762235	-0.594584
-0.888325	0.459181	-0.00568126
-0.49088	0.860017	-0.139309
-0.979434	0.132741	0.151951
-0.933408	0.340631	0.112781
-0.175487	0.137884	-0.974778
-0.647808	-0.698418	-0.304231
-0.520477	-0.0748451	-0.850589
0.837255	-0.507568	-0.203417
0.629427	0.068283	-0.774053
0.742301	-0.23705	-0.626735
0.123586	-0.981069	0.149098
0.548355	-0.698419	-0.459911
0.562885	-0.657094	-0.501386
-0.186309	0.181279	0.965623
0.971756	0.10405	-0.211812
-0.660905	0.425339	0.618297
-0.860343	-0.262874	-0.4367
-0.638056	-0.693754	0.334053
-0.493132	0.781101	0.383017
-0.71555	-0.332382	-0.614418
-0.55245	0.723712	0.41357
-0.864391	-0.502465	-0.0188809
-0.897489	-0.437073	0.0590031
0.420556	-0.907045	-0.0200512
-0.441308	0.579445	-0.685194
-0.0880345	-0.49788	-0.862766
0.225208	-0.263856	-0.937903
-0.0309454	-0.316376	-0.948129
0.872238	0.220212	0.4367
0.639232	-0.0647285	-0.766285
0.636417	-0.499066	0.588138
0.688987	0.669009	0.278791
0.437378	0.467838	-0.768003
-0.0690361	0.195429	0.978285
0.754918	0.650562	0.0828662
0.190951	0.263624	0.945537
0.566411	0.174128	0.805517
0.77554	-0.457434	0.435078
-0.21307	0.795696	0.566982
0.602329	0.469131	0.645846
0.282104	0.802472	0.525791
0.891198	0.0856621	0.445454
-0.41739	0.906503	0.0635507
-0.623497	-0.0921083	0.776381
-0.923093	0.383495	0.0288276
-0.529261	0.78075	0.332132
-0.431484	0.867114	-0.248867
-0.25296	-0.890246	-0.378777
-0.915368	-0.216329	-0.339564
-0.961745	-0.268388	-0.0549143
-0.781504	-0.25734	0.568355
-0.0455773	-0.653856	0.755245
-0.922528	0.0973683	-0.373445
0.87512	0.0207755	-0.483459
0.395382	-0.912929	-0.101161
0.260545	-0.774041	0.577042
-0.631716	0.2816	-0.722244
-0.951671	0.26176	-0.160636
-0.860568	-0.0472139	0.507142
0.625921	-0.647676	0.43444
0.409954	-0.15206	0.899342
0.407847	0.185505	0.894007
-0.161314	0.609794	0.77597
-0.861681	0.0450172	0.50545
-0.878626	-0.10489	-0.465848
-0.631882	-0.763911	-0.131013
-0.768437	-0.605852	0.206028
0.428755	0.083137	0.899587
0.517844	0.0160174	0.855325
0.60202	-0.0903865	-0.793349
0.341867	-0.138818	-0.929439
0.268376	0.190894	0.944211
0.173078	0.522466	0.834909
0.401422	0.6756	0.618405
0.397258	-0.389415	0.830989
-0.198371	0.96505	0.171252
0.378478	0.727448	0.57234
-0.058229	0.95867	0.278498
-0.15446	0.930332	0.332603
-0.206506	-0.161982	0.964944
-0.577849	-0.522618	-0.626866
-0.253075	0.612303	-0.749025
0.95966	0.144322	0.241294
-0.183539	-0.981263	0.0586272
-0.949029	-0.0206555	-0.314512
-0.799549	-0.535102	-0.272741
-0.77361	0.224788	0.592451
-0.82559	-0.283947	-0.487622
-0.669805	-0.0935678	-0.736618
-0.658893	0.573067	-0.487293
-0.928325	0.184128	-0.322969
-0.600268	0.308043	-0.738098
0.565438	-0.639823	0.520486
0.980464	-0.18236	0.073724
0.565404	-0.106322	-0.817933
0.264497	-0.129983	0.955587
0.92272	0.13424	-0.361341
0.535464	0.486077	-0.690658
0.954192	0.253226	0.159358
-0.728283	0.496905	-0.4719
-0.746137	0.57734	-0.331599
-0.68298	-0.247166	-0.687348
0.0706898	-0.898546	-0.433148
0.15858	-0.755298	0.635907
-0.609681	-0.204507	-0.765811
-0.919079	-0.389428	-0.0603327
-0.714959	-0.280965	-0.640229
-0.833422	-0.141606	-0.534186
0.166631	-0.227086	-0.959513
0.186229	0.329208	-0.925711
0.796856	0.502109	-0.336016
0.645659	-0.627597	-0.435025
-0.812428	-0.337283	0.475605
0.43368	-0.73119	0.526576
0.887306	0.0771892	0.454675
-0.0731883	0.221126	0.972495
0.866458	0.466647	0.177456
0.722651	0.171475	-0.669606
-0.00866489	0.953952	0.299833
-0.21035	0.833392	0.511087
-0.920277	0.206104	-0.332581
-0.957994	0.27054	-0.0951654
-0.967527	-0.251064	-0.0292819
-0.748102	-0.545083	-0.378455
0.395397	-0.859221	0.324653
0.271243	0.280764	0.920651
0.958363	-0.280343	0.0542979
0.229675	-0.133866	-0.964017
-0.607401	-0.743822	0.278915
-0.576119	0.743876	-0.338726
0.168842	0.73782	-0.65354
-0.489573	-0.0995024	-0.866266
-0.371726	-0.584083	-0.721573
-0.992979	0.0553932	-0.10452
-0.772457	-0.363196	-0.52096
-0.291905	0.0189929	-0.956259
-0.475628	0.805726	-0.352964
0.0399961	0.137808	0.989651
-0.275465	0.961306	-0.00325505
0.728937	-0.425596	-0.536208
-0.518148	0.834732	0.186402
0.610276	0.5861	0.532963
0.453477	0.606787	-0.652816
0.330288	-0.815871	0.474621
-0.921786	-0.355288	0.155179
0.824772	-0.55977	-0.0800572
-0.237167	-0.917522	-0.319226
0.445179	-0.862711	0.239886
-0.537356	-0.35844	0.763393
0.647692	0.749442	0.137232
0.474062	0.736985	0.481785
0.737176	0.382477	-0.557031
-0.276187	-0.162476	0.947271
-0.15715	0.692622	0.703973
-0.908105	0.249921	-0.335982
0.677465	-0.337223	-0.653699
0.903687	-0.427378	0.0264255
0.468634	0.486219	-0.737546
0.824573	0.310698	-0.472807
0.596641	0.0921716	-0.797198
-0.132732	-0.458767	0.878587
-0.999862	-0.0108311	-0.0126151
-0.278851	0.622514	0.731244
-0.718433	0.357452	0.596726
0.472556	-0.438837	0.764273
-0.432276	0.603554	0.66997
-0.215075	0.471105	0.855455
-0.979904	0.196788	0.0325965
-0.178496	0.0948593	0.979357
-0.669671	0.725349	0.159406
0.180084	0.338205	0.923681
-0.794252	0.501943	0.342369
-0.478676	0.227531	0.847997
-0.957527	-0.0424772	-0.285198
-0.680616	0.232013	-0.694933
-0.990288	0.0039342	-0.138978
-0.717758	0.673575	0.17641
-0.918411	-0.336436	-0.208163
-0.591237	-0.183288	-0.785394
-0.22082	-0.469054	0.855118
-0.866139	-0.304638	-0.39623
-0.686668	-0.60202	0.407505
-0.748128	-0.630975	0.205365
-0.474483	-0.678932	0.560284
0.271336	-0.957255	-0.100199
-0.910674	0.0747061	0.406315
-0.554983	0.598066	0.578196
-0.376911	-0.0111078	0.926183
0.41607	0.160105	0.895127
0.853877	-0.250982	0.455963
-0.739678	-0.00562744	0.672938
0.855076	-0.417147	-0.30795
0.132516	0.575252	0.807171
0.775592	-0.346633	-0.527544
-0.673153	0.249628	-0.696097
-0.630666	-0.0747627	-0.772445
-0.990043	-0.14076	-0.00116996
-0.906482	0.369567	-0.204229
-0.646874	0.114674	0.753926
-0.310453	0.44458	0.840219
-0.663231	0.0288305	0.747859
0.33888	-0.517341	0.785823
0.108945	0.95037	0.291424
0.478447	0.294128	0.827392
0.0182735	0.991616	0.127922
0.348407	0.695854	0.628013
0.723631	-0.263761	-0.6378
0.612325	0.748484	0.254618
0.58863	0.517698	-0.62089
0.602135	0.795757	-0.0648371
0.815246	0.058987	-0.576103
-0.275232	0.779982	-0.562028
0.862534	0.186912	0.470211
0.381498	0.800342	0.462506
0.105565	0.938885	0.327645
0.89318	0.447861	-0.0406182
0.694527	0.713566	-0.0919494
0.411979	0.904357	0.111406
0.183169	0.564034	0.80518
0.960098	-0.0487813	-0.275376
0.215049	-0.770325	0.600294
0.53488	0.212243	0.817836
0.37213	-0.00752736	0.92815
0.880663	-0.348376	0.32104
-0.00647733	0.114773	0.993371
0.780096	0.129191	-0.612177
0.995761	0.0297359	-0.0870336
0.5067	0.605608	-0.613591
0.918653	-0.209442	0.334978
0.932381	0.296537	-0.206714
0.402201	0.616669	-0.676723
-0.953345	-0.129067	-0.2729
0.14508	-0.980884	-0.129686
-0.670398	-0.603797	-0.431272
-0.585929	-0.726548	-0.358908
-0.983164	0.111816	0.144521
-0.248486	-0.783344	-0.569761
0.979144	-0.159126	-0.126317
0.320141	-0.894873	-0.310985
0.196668	-0.980453	0.00582193
0.854965	-0.307051	0.418036
0.894998	-0.202466	0.397473
0.7696	0.55021	0.324013
0.880663	0.14422	0.451257
0.968596	-0.247804	-0.0203529
0.637286	0.651106	-0.412222
0.410898	0.135793	0.901511
0.503496	-0.0777778	0.860489
-0.0234558	-0.350634	0.936219
0.707699	0.504133	0.494986
0.492777	-0.405166	0.770072
-0.684265	-0.342936	0.643565
-0.724722	-0.670354	0.159388
-0.265666	-0.75733	-0.596551
-0.676363	-0.63144	0.379232
-0.906895	0.205852	0.36765
-0.269824	0.520019	0.810417
0.132734	-0.554075	0.821817
0.104674	0.577474	0.809671
0.374386	-0.33288	-0.865463
0.493013	0.397316	-0.774002
-0.794342	0.234653	-0.56032
-0.465838	-0.159619	-0.870354
-0.762529	0.188404	0.618914
-0.976817	0.0224481	-0.212896
-0.207519	-0.866033	-0.454888
-0.533278	-0.818365	-0.214224
0.825352	-0.557356	-0.0902704
0.38991	0.451015	0.802842
-0.45281	0.723414	0.521186
-0.360724	-0.92693	-0.103343
0.0350297	-0.524583	-0.850638
0.876991	-0.428199	-0.218019
0.0928191	-0.735713	-0.670904
0.897301	0.28465	-0.337381
0.505076	0.793908	-0.338538
0.0954968	0.697247	-0.710441
0.0158671	0.223052	-0.974678
0.0313813	0.928655	0.369614
0.899286	-0.43565	0.0386544
0.162658	-0.0121452	-0.986608
0.0821053	-0.683424	-0.72539
0.186196	-0.981797	-0.0374975
0.780613	-0.0834916	-0.619413
0.342506	-0.387247	-0.855996
0.572161	0.190728	-0.797656
0.0212394	-0.401471	-0.915625
-0.465764	0.199533	-0.86212
0.665171	0.742161	-0.0821294
0.698464	0.69471	0.171832
-0.256258	0.0922341	-0.962198
-0.974991	0.147958	-0.165835
-0.655723	-0.659072	-0.368308
-0.993115	0.107527	0.0464905
-0.391058	0.310774	0.86631
0.825865	-0.331573	0.456077
0.732396	0.0619353	0.678057
0.309366	-0.8785	0.364047
-0.0542374	-0.763345	0.643711
0.963779	-0.233393	-0.129061
0.627356	-0.464014	-0.625392
0.412459	-0.859493	0.301909
0.557045	-0.630357	-0.540695
0.683566	-0.0611508	-0.727323
-0.0425883	-0.678249	-0.733597
0.0848442	-0.603853	-0.792567
0.986749	0.0884109	-0.136053
-0.125233	-0.149507	-0.980798
-0.225723	0.914189	-0.336612
0.0863977	-0.0524193	-0.994881
-0.0679321	0.104453	-0.992207
0.492771	0.166997	-0.853984
-0.136342	0.368284	-0.919662
0.754167	0.0203637	-0.656367
-0.074372	-0.995897	0.0515472
0.369214	-0.80951	-0.456482
0.379562	-0.184823	-0.906517
0.859048	-0.290513	-0.421472
0.976182	-0.216035	-0.0199468
0.843924	0.350314	-0.40629
0.350753	0.657208	0.66712
0.181366	0.0438359	0.982438
-0.354598	0.577876	0.735065
-0.200343	-0.206411	0.957735
-0.747796	0.00917748	0.663865
-0.101006	-0.677887	0.728195
0.702722	-0.692414	-0.163539
0.961396	-0.23346	0.145651
0.536718	0.609004	-0.583993
-0.0495112	-0.815254	0.576983
0.580555	-0.811528	-0.0661698
0.894499	-0.356681	-0.269539
-0.533077	-0.101524	0.839953
0.637132	0.739443	-0.217455
-0.0341229	-0.604883	-0.795583
0.318711	-0.230739	-0.919338
0.8219	0.065036	-0.565907
-0.137653	-0.310751	-0.940471
0.748399	0.568015	-0.342429
-0.483904	0.873452	0.0540326
-0.0793538	0.140648	-0.986874
0.0194023	0.83737	-0.546292
0.496107	0.849857	-0.177822
-0.561377	-0.57874	0.591536
0.198553	0.741702	0.640667
-0.820116	-0.0603509	0.569006
0.245955	0.959923	-0.134365
0.346256	0.301066	0.888519
0.331446	0.942904	-0.0328012
0.457411	-0.875178	0.157603
0.345358	0.402129	0.847951
0.746334	0.413974	0.521164
0.378546	0.4747	0.794584
0.7507	0.0172046	0.66042
-0.131474	0.104807	0.985764
0.922935	-0.232174	0.307061
0.0446078	-0.67341	0.737922
0.755857	-0.454894	0.470906
-0.208757	0.155953	0.965453
0.989177	-0.062021	0.132978
0.339517	-0.938814	0.0579443
0.529601	-0.817951	-0.224677
-0.15823	-0.769607	0.618602
-0.23191	-0.876905	-0.421018
0.0595403	-0.714374	0.697226
0.360435	-0.926554	0.107631
-0.0664563	-0.727517	0.682864
-0.233648	-0.97198	0.0257675
-0.942049	0.109985	0.316932
-0.550147	-0.515848	-0.656688
-0.594034	-0.744822	-0.303914
-0.73558	-0.657862	-0.161678
-0.981348	-0.160298	-0.10612
0.889089	0.429414	0.158506
0.535908	0.0628304	0.841935
0.0555136	0.706635	0.705397
0.000142547	-0.504553	0.863381
0.254353	0.118056	0.959879
0.188331	-0.523809	0.830756
-0.917595	-0.386015	-0.0949269
-0.958039	-0.260647	-0.119269
-0.329787	-0.932161	0.149385
-0.710712	-0.590457	0.382424
0.959127	-0.282865	-0.00789114
-0.38267	-0.685492	0.619407
0.973168	0.222081	-0.0601937
0.628465	0.222431	-0.745357
-0.184896	-0.46397	-0.86634
0.121737	-0.511813	-0.850428
0.459768	0.341834	0.819611
0.880028	-0.450687	-0.149773
0.69933	0.697976	0.154163
0.028421	-0.442819	-0.89616
-0.673614	0.734735	-0.0800561
-0.524363	0.538707	-0.659422
0.854847	-0.433188	0.285631
0.586832	0.361684	-0.72444
0.0213497	0.572021	0.819961
0.154254	0.161687	0.974712
0.999257	-0.0310443	-0.0228215
-0.99174	0.127916	-0.00942063
-0.489079	-0.325757	0.809126
-0.610212	-0.616503	0.497559
-0.774306	-0.581554	-0.24949
0.307106	0.0614676	0.949688
-0.0519205	0.783434	0.619302
0.78925	-0.602277	0.119775
0.752872	-0.0606099	0.655371
-0.205713	0.720891	0.661814
0.451457	0.582336	-0.676071
-0.0943612	0.97891	0.181191
0.466164	0.761131	-0.450966
0.529674	0.644796	0.551075
-0.741408	0.669834	-0.0404652
0.130151	0.724358	0.677028
0.810014	0.580124	0.0856291
-0.00723316	0.865143	0.501473
-0.185935	0.574485	0.797117
-0.0108963	0.977555	0.210399
0.265455	0.462855	0.845753
-0.182711	0.935001	0.303958
-0.353389	0.280068	0.892568
-0.256351	0.906259	0.336123
0.102386	0.488264	0.866669
-0.978432	0.112745	0.17309
-0.347945	0.231762	0.908417
-0.0604989	0.513858	-0.85574
-0.628991	0.700704	0.336725
-0.768699	0.60589	-0.204935
0.974275	-0.0505515	0.219618
-0.847536	-0.512701	-0.137185
0.854093	0.261035	-0.449872
-0.688144	0.687771	0.231147
0.82022	-0.338642	-0.461044
-0.914652	0.382877	0.129682
0.234076	0.501445	-0.832923
-0.341911	-0.774287	0.532519
-0.209306	-0.332679	-0.919519
-0.311156	-0.16429	0.936051
-0.424441	-0.90141	-0.0855037
-0.0333254	0.923759	-0.381522
0.262511	0.593347	0.760938
-0.0664563	-0.221874	0.972808
0.613716	0.432522	0.660513
0.172858	0.942511	-0.285995
0.207524	0.86054	0.465194
0.504241	-0.863346	-0.0193482
0.804263	-0.12174	-0.581671
-0.871717	0.138642	0.469987
-0.277908	-0.110282	0.954256
0.357041	-0.515665	0.778852
-0.906433	-0.0501318	0.419364
0.270392	-0.859238	0.434279
-0.322544	0.436798	0.839745
-0.0205467	0.231243	0.972679
-0.290905	-0.253783	0.92248
-0.350676	0.585638	-0.730791
-0.259183	0.718469	-0.645466
-0.32676	0.0563939	-0.943423
0.836524	-0.283784	0.468716
0.130647	0.820938	0.555871
0.649973	0.666915	0.364361
-0.319739	0.822514	0.470359
0.451826	0.884299	0.117764
-0.113258	0.908165	-0.403
-0.156068	0.987063	0.0367478
-0.86811	0.371378	0.329338
-0.821405	-0.0771173	0.565108
-0.671643	0.701517	0.238263
0.466379	0.647407	-0.60279
0.0324746	0.757466	-0.652066
-0.562436	0.826464	-0.024963
0.236168	0.864238	-0.444204
-0.691192	0.694251	0.200671
0.161689	0.376898	-0.912033
0.46308	0.449628	-0.763801
0.605895	0.574619	-0.550185
0.789119	0.61354	-0.0293265
-0.0920039	0.530833	-0.842468
0.663098	0.658865	-0.355243
-0.976931	0.130597	0.168968
-0.454728	0.819113	-0.349682
-0.80835	0.536024	-0.243411
-0.860443	-0.245463	0.446527
-0.493836	0.305897	-0.813974
-0.649402	0.405524	-0.643294
0.809969	0.574133	-0.119669
0.412753	0.73406	0.53925
-0.421745	0.852948	-0.307588
0.214906	0.50018	-0.83883
-0.452793	-0.196314	-0.869735
-0.0208761	0.880668	-0.473274
-0.105561	0.332372	-0.937222
-0.853561	0.518277	-0.0531326
-0.0714944	-0.534397	-0.842205
-0.34924	0.58387	-0.73289
-0.106761	-0.938977	-0.326993
-0.366667	0.108631	-0.923989
-0.259642	-0.165953	-0.951339
0.0645832	0.997772	-0.0167412
0.0466382	-0.909988	0.412003
-0.750067	0.369681	0.548394
-0.0101795	-0.14335	0.98962
-0.346138	0.780776	-0.52017
-0.441402	0.821553	0.360852
-0.833622	0.099907	0.543225
-0.21803	-0.661439	0.717608
-0.281643	-0.952324	-0.11729
-0.857469	0.331211	0.393758
-0.945716	-0.177599	0.272176
-0.837986	0.479046	0.261333
0.224545	-0.866441	-0.445936
-0.25379	0.431653	0.865601
0.144496	0.739288	0.657704
0.812658	0.388283	0.434537
-0.221885	0.464697	0.857219
0.478956	0.602158	0.638755
-0.278124	0.330059	-0.902058
-0.197313	0.890482	0.410011
0.354273	0.441302	0.824465
-0.547571	0.489819	0.678412
-0.606395	0.781785	0.14525
0.252305	0.862875	-0.437937
-0.854718	0.518656	-0.0212755
-0.371094	0.235579	-0.898216
0.910573	0.388346	-0.141577
0.166301	0.985605	-0.0304278
-0.273486	-0.107449	0.955856
-0.402171	0.841446	0.36087
0.647907	0.268671	0.712764
0.214325	0.890391	0.401583
0.459078	0.810157	0.364546
-0.353936	0.795504	-0.491837
-0.291864	0.956453	0.00355404
-0.826232	0.466454	0.315849
-0.719663	0.119554	0.683953
-0.697761	0.101718	0.709072
-0.649251	0.590916	0.478843
-0.621117	0.753929	-0.21402
-0.941269	-0.327116	0.0837164
0.409228	-0.684283	-0.603564
0.378862	-0.783954	0.491813
0.467925	-0.769987	0.433782
0.259625	0.27	0.927197
-0.766954	0.104572	-0.633124
-0.0611409	0.0113259	0.998065
-0.0818099	0.567156	0.819537
0.189697	-0.324323	0.926731
-0.9252	0.0878452	0.369171
-0.748558	-0.0226152	-0.662683
0.20951	0.726238	0.65474
-0.89146	-0.289956	-0.348173
-0.31216	-0.123737	-0.941937
-0.426131	-0.77091	-0.473403
-0.712061	-0.031686	-0.701402
-0.038327	0.996051	-0.0800794
-0.811159	-0.164001	-0.56136
-0.541208	-0.577407	-0.611305
-0.901265	-0.0644155	-0.428454
-0.759082	0.63403	0.14765
-0.52156	0.26139	-0.812189
0.35148	0.446007	0.823128
-0.431125	-0.249194	0.867199
-0.126199	0.907507	0.400631
-0.201436	-0.0699645	0.977
0.0387696	0.886432	0.461231
-0.610904	0.746253	0.26439
-0.638331	-0.301027	0.70846
-0.753545	0.126385	-0.645134
-0.07261	-0.662582	0.745462
-0.225208	-0.836852	0.498959
-0.205847	-0.827397	-0.522534
0.437017	-0.544275	0.716087
0.322087	0.720952	-0.613586
-0.262501	-0.952325	-0.155468
0.752388	-0.636021	-0.171435
-0.109442	0.729548	-0.675116
0.203086	-0.598951	0.774605
-0.155325	0.210132	-0.965256
0.073602	-0.83056	0.552045
0.0369458	0.92533	0.377359
-0.11495	0.930094	-0.348873
-0.177367	0.178146	0.967887
-0.227529	0.91965	-0.320115
-0.396826	0.0102207	0.917837
0.893689	-0.301021	0.332726
0.0476008	0.200306	0.978576
-0.870129	0.45553	-0.188064
-0.20171	0.529579	0.823929
-0.230489	-0.24848	0.940815
-0.488922	-0.821784	-0.292618
0.909608	0.293683	0.293878
0.217654	0.4901	0.844055
-0.707444	-0.219422	-0.671845
-0.700197	0.387598	-0.599576
-0.415319	-0.794404	0.443207
-0.503479	0.0485377	0.862643
-0.710376	-0.509977	0.485066
-0.719026	-0.355696	0.59706
-0.548113	0.644799	0.532735
-0.848197	0.370553	0.378486
0.209913	-0.167882	0.963199
0.226346	0.470528	0.852861
0.803895	0.318696	0.502181
-0.168623	0.0414823	-0.984807
-0.605328	0.317736	0.729809
-0.871554	-0.151744	0.466227
-0.693917	0.244658	0.677216
-0.108274	-0.549309	0.828575
-0.670539	-0.656373	0.345762
-0.91212	0.315788	0.261371
-0.532383	-0.473936	0.701393
-0.1458	0.331649	0.932068
-0.367496	-0.798086	0.4775
0.118009	-0.279259	0.952937
-0.892309	-0.122725	0.434424
-0.740712	0.625594	0.244905
-0.312687	-0.534088	0.785479
-0.802434	-0.0198903	0.596409
-0.804351	0.486302	-0.341363
-0.876255	-0.151846	0.457295
-0.374495	0.418556	0.827384
-0.592094	-0.137487	0.794054
-0.720315	-0.675524	0.157525
-0.84676	0.427159	0.31707
-0.830024	-0.313175	0.461499
0.0756377	0.834272	0.54614
0.158244	-0.0806544	0.9841
0.294003	-0.759468	0.580319
-0.363966	-0.738132	0.568058
0.232021	0.497281	0.835989
-0.647041	-0.759719	0.0645335
-0.917804	-0.259095	0.30084
-0.254033	-0.93426	-0.250251
-0.940291	0.333649	0.067314
-0.900428	0.168575	-0.401013
-0.895245	0.433578	0.102696
-0.174864	-0.919836	-0.351175
-0.993679	0.0185788	0.11071
-0.807635	-0.561208	0.181028
0.0314828	-0.988856	-0.145505
0.469104	-0.489567	-0.735028
-0.0258104	-0.996797	0.0756898
-0.353777	-0.918378	0.177268
-0.237994	-0.643649	0.727376
-0.578342	-0.512442	0.634763
-0.429101	-0.686547	0.586964
-0.909672	0.216695	0.354317
-0.387659	0.895792	-0.217435
-0.455772	-0.369501	0.809778
-0.119428	0.454149	0.882885
0.147902	-0.0307663	0.988523
0.434035	-0.727523	0.531341
-0.629051	0.317511	0.709564
0.195203	0.980517	0.0219354
-0.131263	0.989649	-0.0580099
0.842494	0.278966	0.46085
0.788994	0.461883	0.405158
0.910705	0.334732	-0.242013
-0.465911	0.605499	-0.645212
0.908307	0.186296	0.37453
0.624516	-0.0325175	-0.780335
-0.433663	0.84562	0.311227
0.0701905	0.972485	0.222139
-0.768178	-0.565522	-0.300145
0.374583	-0.909672	-0.179401
-0.918339	-0.376714	0.121412
-0.861882	-0.313311	-0.398742
-0.7305	-0.534857	-0.424615
-0.445801	-0.885085	-0.133739
-0.00817009	-0.690122	0.723647
-0.863045	-0.336262	0.376937
-0.116928	0.49632	0.860229
-0.519873	-0.0949076	0.848955
-0.80614	0.425123	0.411593
0.517524	0.519677	-0.679783
0.253789	0.904831	-0.341866
-0.559806	-0.2749	-0.781695
0.712336	0.592579	-0.376069
0.175133	-0.765903	-0.618644
-0.365885	-0.00436207	-0.93065
0.076369	-0.750045	-0.656963
-0.337609	-0.631303	-0.698195
0.429771	-0.705562	-0.563453
-0.519714	-0.389507	-0.760383
-0.526476	-0.828261	-0.191853
-0.277314	-0.10828	-0.954658
0.239453	-0.444589	-0.863136
-0.484448	-0.170993	-0.857946
-0.204208	-0.854054	-0.478426
0.105602	-0.99433	0.0125184
-0.0248995	-0.507136	-0.861506
0.0791148	-0.996648	-0.0208043
-0.382655	-0.916221	-0.118803
-0.483799	-0.595218	0.641603
0.189812	-0.64084	-0.743838
-0.487652	-0.823393	0.290206
-0.158254	-0.971917	-0.174164
-0.750976	-0.630225	-0.197107
-0.340661	-0.0145344	-0.940074
-0.334023	-0.918007	0.213756
0.799234	-0.597751	0.0626052
0.601663	-0.171304	0.780164
-0.0703397	-0.849929	-0.522182
0.553376	-0.618463	0.557923
0.721436	-0.226791	-0.65429
0.465891	0.682794	-0.562795
0.773703	-0.590625	-0.22923
0.756693	0.272866	0.594105
-0.463769	-0.0230268	-0.885657
-0.290792	-0.325569	-0.899692
-0.224566	0.973626	0.0402719
0.246745	-0.774515	0.582446
0.0250085	-0.89387	0.447629
0.685101	-0.212086	-0.69689
-0.0244452	-0.921678	0.387184
-0.470159	0.549577	0.690591
0.191862	-0.0473586	0.980279
-0.515409	-0.501649	-0.694768
-0.224672	-0.842666	-0.489323
-0.659582	-0.502627	-0.558854
-0.178286	0.949633	0.257705
-0.0452475	0.994797	-0.0912791
-0.107283	-0.56146	-0.82052
0.20423	-0.955462	0.213032
-0.666258	-0.559252	0.493293
0.913533	0.0384308	0.404944
-0.605358	-0.795848	0.0129555
-0.763946	0.0448552	-0.643719
-0.928656	0.369471	-0.0330077
0.218494	0.739454	0.636764
0.267012	-0.785483	-0.55832
0.938513	0.141912	-0.314728
0.673274	0.716018	-0.184445
0.526462	0.30216	-0.794693
0.476934	-0.69042	0.543924
0.843237	0.0255953	0.536932
-0.884967	-0.445689	-0.13489
-0.426625	0.286966	-0.857696
0.00440283	-0.932123	-0.362115
0.328101	0.405745	-0.853066
-0.464525	-0.562001	-0.684377
0.181795	-0.868484	-0.461179
0.102282	-0.687423	-0.719019
0.950766	-0.278976	-0.134972
-0.699542	-0.212911	-0.682136
-0.0517362	-0.674118	-0.73681
0.333375	-0.879464	-0.339713
0.239284	-0.578746	-0.779613
0.309939	-0.941945	-0.129142
0.589762	-0.786218	0.184504
-0.776737	-0.390385	-0.494247
-0.411338	-0.906519	-0.0949955
-0.418027	-0.620959	-0.663071
-0.175984	-0.618322	-0.765968
-0.737297	0.109389	-0.666654
-0.0368718	-0.857029	-0.513948
-0.686759	-0.470386	-0.554165
-0.0246284	-0.456757	-0.889251
-0.374688	0.467077	-0.800905
-0.368905	-0.378342	-0.84898
0.845588	-0.504058	-0.175803
-0.378737	-0.90941	0.171849
0.802854	-0.401107	-0.441065
-0.254789	-0.467859	-0.84628
0.783877	-0.58069	-0.219856
0.408101	-0.724764	0.555131
0.56209	0.205144	-0.80123
0.100118	-0.221485	-0.970011
0.321044	-0.198649	-0.925996
0.105942	0.730763	-0.67436
-0.0642331	-0.611371	-0.788733
0.723346	-0.139337	-0.676281
0.298799	-0.393789	-0.869281
0.612321	-0.0609368	-0.788257
-0.190476	-0.93027	-0.313556
-0.0502721	-0.320874	-0.945787
0.905418	-0.341926	-0.251604
-0.0303348	0.413547	-0.909977
0.700744	0.23327	-0.674198
0.909491	0.0249852	-0.414973
-0.570287	-0.820363	0.042155
-0.752674	0.658108	-0.0193802
-0.566889	-0.0204308	-0.823541
0.0469006	-0.862233	0.504336
-0.579685	-0.654541	0.485325
0.36645	0.0825078	-0.926772
-0.211234	0.039611	-0.976633
0.15791	-0.951223	0.265028
-0.498547	-0.194568	-0.844745
0.597908	-0.54538	-0.587423
0.33402	-0.933512	-0.130332
0.386555	-0.862913	-0.32551
0.608814	-0.719984	-0.33312
-0.129134	-0.356499	-0.925328
0.0577453	-0.102047	-0.993102
0.777513	0.61183	-0.145388
0.806915	-0.448197	-0.384718
-0.688796	0.700984	-0.184883
-0.64204	-0.468086	-0.607191
-0.133442	0.00487434	-0.991045
-0.715687	0.42408	-0.554931
0.917972	0.0815094	-0.388179
0.914513	-0.229509	-0.333154
0.232812	-0.925173	-0.299756
0.985626	-0.136664	0.0993192
0.566652	-0.226509	-0.792212
0.643276	-0.752903	-0.139046
-0.959737	0.278625	0.0356928
0.137386	0.292984	-0.946195
0.259173	-0.965347	0.0305752
-0.401526	0.210498	-0.891329
-0.610845	0.707141	0.356117
-0.101624	0.978298	-0.180572
0.747184	0.584852	0.315698
0.583999	0.8017	0.127367
-0.232746	0.309459	0.92199
0.4907	0.806858	0.328927
0.497259	-0.305009	0.812221
0.566345	-0.561624	0.603185
0.400206	-0.663785	0.631842
0.203046	0.514855	0.832884
-0.995211	-0.00640684	-0.0975408
-0.0546608	0.83948	-0.540635
-0.929523	0.207996	-0.304507
-0.66648	0.619189	0.415222
-0.211436	-0.350388	0.912427
-0.655449	-0.751096	0.0790053
0.537484	-0.270507	0.798709
-0.158135	0.069334	0.98498
-0.0454168	0.414542	0.908896
0.0522538	-0.000926304	0.998633
-0.756885	-0.366744	0.540948
0.62989	-0.319629	0.707867
0.980487	-0.0143055	0.196064
-0.411337	-0.903956	0.116898
-0.435912	0.853791	-0.284642
-0.224277	0.867883	-0.44326
-0.15157	0.856261	-0.493805
0.139932	0.565348	-0.812896
0.0060996	0.884263	-0.466949
0.539904	0.416172	-0.731645
-0.20792	0.958881	-0.193175
-0.769139	0.524674	0.364887
-0.99808	-0.0455508	-0.0419579
-0.707919	-0.23204	0.667089
0.151705	0.923599	0.352066
-0.984807	-0.128701	-0.116578
-0.443537	-0.139166	0.885386
-0.261574	-0.651689	0.711956
-0.231285	-0.441736	0.86682
0.848515	-0.472345	0.238565
0.766271	0.622175	-0.160396
0.924625	0.168871	-0.341395
-0.00200266	-0.225474	0.974247
0.211407	-0.965913	0.149394
0.819116	-0.567422	-0.0841547
0.971884	-0.144305	-0.186059
-0.467212	-0.0751639	0.880944
-0.989977	-0.102543	0.0971081
-0.807313	0.513457	-0.290876
-0.92686	0.363473	0.0938985
0.055252	0.464652	-0.883768
0.132228	-0.986165	0.0999721
0.605986	-0.772874	-0.18827
-0.560506	-0.804142	-0.197961
0.393466	-0.154507	0.906263
-0.104765	-0.0644096	-0.992409
0.278389	0.420093	-0.863725
-0.141269	0.958913	0.246028
0.0819963	0.857491	-0.507924
0.293234	-0.71329	-0.636578
0.303637	0.67611	-0.671326
0.377264	-0.0221143	-0.925842
-0.329627	0.25313	-0.909545
0.0381971	-0.0371535	-0.998579
-0.805601	-0.240103	0.541626
-0.668765	-0.689961	-0.276962
-0.758838	-0.208188	0.617109
-0.452834	-0.011976	0.891515
0.619751	0.238281	0.74775
0.895896	-0.417505	0.151854
0.461243	-0.247366	0.852094
0.0677669	-0.288841	-0.954976
-0.954077	-0.0218211	0.298767
-0.408017	-0.911658	-0.0490028
0.191488	0.432004	-0.881309
-0.757335	-0.477204	-0.445781
-0.357903	-0.588274	0.725147
0.219126	-0.939275	-0.264094
0.40078	0.0368387	-0.915433
-0.692625	-0.588483	0.417082
-0.271722	0.247148	-0.930099
-0.340728	-0.939358	0.0388662
-0.0936892	-0.655155	-0.749663
0.131483	-0.989777	-0.055257
-0.83312	-0.538066	-0.128044
0.0943429	-0.338484	0.936231
-0.370326	-0.914772	0.161402
0.00912562	-0.0551056	0.998439
-0.389835	-0.419117	0.819982
0.807976	0.0661283	0.585493
-0.939843	-0.267159	0.212887
0.804252	0.586859	0.0936761
-0.405191	0.710615	0.575192
-0.267283	0.0453068	0.962552
-0.676949	0.255977	0.690084
0.938243	-0.18775	0.290603
-0.274012	-0.402666	0.873371
0.856564	-0.51355	0.0506383
0.534692	0.250239	0.807146
0.855896	0.20825	0.473364
0.137768	0.615711	0.775835
0.668731	0.567554	-0.480294
-0.937606	0.196178	0.287069
0.871192	-0.47663	-0.117677
-0.205079	-0.804855	0.556912
-0.74852	-0.370717	-0.549806
-0.935326	-0.300743	-0.186332
-0.498203	-0.2435	-0.832167
0.144972	-0.933774	0.327184
0.874139	-0.440159	0.205286
0.793034	0.557445	0.245667
0.85578	0.380896	-0.350084
0.636037	0.686707	-0.35198
0.977746	0.209538	-0.010325
0.637777	0.627589	0.446512
0.679609	0.724556	0.114677
-0.197134	-0.662895	-0.722294
0.827248	0.0691896	-0.55756
-0.917494	-0.385655	-0.097344
-0.722561	-0.299396	0.623111
0.141104	-0.128502	0.98162
-0.173209	-0.442506	0.879879
-0.5315	-0.208728	-0.820939
-0.725388	-0.687049	0.0421369
0.866135	0.424284	0.264183
0.529266	0.0127523	-0.84836
-0.327815	-0.659268	0.676685
-0.889883	-0.405515	-0.208963
0.313893	-0.717654	-0.621647
0.317003	0.559071	0.766126
0.91268	0.40847	-0.012963
0.567433	0.0971632	-0.817667
0.217301	0.975818	-0.0236467
-0.096286	0.669326	0.736703
-0.844668	0.0848339	-0.528526
-0.0774463	-0.175936	-0.98135
-0.762203	0.562725	-0.319978
0.288305	-0.583607	0.759133
-0.937265	0.189039	0.292916
0.0997036	0.989126	0.108111
-0.822847	-0.415362	-0.387811
-0.675885	0.610716	-0.412559
0.414633	0.573663	-0.706393
-0.564845	0.115541	-0.817068
-0.297727	0.340195	-0.891978
-0.208818	0.0998542	-0.972843
0.587873	-0.723265	-0.362344
0.160741	-0.12011	-0.979661
0.241063	-0.888592	-0.390246
-0.125064	0.277204	-0.952637
-0.246522	0.747187	0.617202
0.403206	-0.255836	-0.87862
0.153399	-0.981887	0.111205
-0.389334	0.757827	0.523562
0.476959	-0.873188	0.10026
0.619388	-0.3201	0.716865
0.271353	-0.962172	-0.0243584
0.742972	-0.263841	0.615126
-0.670556	-0.143625	0.727823
0.277107	-0.487076	0.828232
0.0904192	-0.931039	0.353539
-0.153357	-0.988112	-0.0107927
0.0491126	-0.986954	0.153326
0.0620622	-0.983932	0.167409
-0.0711772	-0.840001	0.537896
-0.397614	-0.718368	0.570833
0.151332	-0.665093	0.731266
0.4529	-0.180763	0.873044
-0.310682	-0.920169	0.238254
-0.245119	-0.763904	0.596966
0.187422	-0.773117	0.605939
-0.739838	0.244323	0.626854
0.290914	-0.709969	-0.641337
0.884242	-0.466615	-0.0196686
-0.361105	-0.865664	-0.346742
-0.279916	-0.959584	-0.0290888
-0.849594	-0.526335	-0.0340905
0.0624557	-0.384082	-0.921184
-0.403523	-0.672133	-0.620811
-0.500782	-0.326986	0.801435
-0.361019	-0.347651	0.865335
0.175046	0.39455	0.902047
0.554539	-0.0549582	0.830341
-0.0785655	-0.898084	-0.43275
0.989443	-0.108302	0.0963023
-0.132317	0.909356	0.394417
0.447197	-0.126262	0.885479
0.129359	0.780842	-0.611189
-0.738602	0.0732535	-0.670151
0.920812	-0.301054	0.247936
-0.445269	0.25507	0.858298
-0.832008	-0.200282	-0.517349
-0.171	-0.984286	0.0440539
0.778981	-0.625312	-0.0466128
0.755261	-0.62171	-0.207503
0.522609	-0.242014	0.817502
-0.640569	0.128119	0.757138
-0.617636	-0.0493011	0.784917
0.255356	-0.890013	0.377717
0.0303192	-0.968047	0.248928
-0.00114872	-0.981352	0.192217
0.333559	-0.895908	-0.293406
0.179005	-0.795672	0.578673
0.5484	-0.836208	0.00369819
-0.130368	-0.090386	0.987337
-0.334917	0.554908	0.761517
-0.256101	0.597586	0.759805
-0.0152533	-0.998685	-0.0489498
-0.0796425	-0.989806	0.118072
0.423531	0.556735	0.714611
-0.427681	-0.724901	0.540007
-0.857442	-0.448307	0.252615
-0.781342	-0.157845	0.603813
-0.623226	-0.716501	-0.313393
-0.338448	-0.928386	-0.15347
-0.913756	-0.356329	-0.195141
0.374909	-0.917275	-0.13435
-0.0998409	-0.370219	0.923563
-0.0600271	-0.980442	0.18743
-0.346657	-0.247771	0.904676
-0.227711	0.494412	0.838871
0.279783	0.90177	0.329444
-0.918531	-0.0677714	0.389498
-0.753909	-0.245615	-0.609339
-0.362	-0.909143	-0.205951
-0.77137	0.233724	-0.591913
-0.773036	-0.620448	-0.132135
-0.67835	0.689454	-0.253958
0.241259	-0.840949	0.484354
-0.50263	0.403702	0.764452
-0.306977	-0.748575	0.587708
-0.0552544	0.871615	0.487067
0.190679	-0.25545	0.947833
-0.0475862	0.551145	-0.833051
-0.474336	-0.386836	0.790799
-0.371264	0.522963	0.76725
-0.761998	-0.538853	0.359162
0.474772	0.706895	-0.5243
-0.199551	-0.875992	-0.439109
0.215344	-0.793075	-0.569789
-0.579092	-0.407329	-0.706212
0.159329	-0.173999	0.971771
0.756899	0.00479155	-0.653514
0.604348	0.356212	0.712654
0.366661	-0.834893	0.410504
0.101515	-0.669898	0.73548
0.710031	-0.617118	-0.339147
0.288157	-0.743202	-0.603835
0.353343	0.0430396	-0.934503
-0.176557	-0.844965	-0.504839
0.44232	-0.491239	-0.750358
0.536875	-0.794277	0.284412
-0.350188	-0.294729	-0.889103
0.320609	-0.818178	-0.477278
-0.357398	-0.814326	0.457319
-0.325656	0.659171	0.677821
0.155415	0.412469	0.897616
0.196924	-0.586357	0.785752
-0.892401	0.172928	0.416793
-0.135326	-0.860845	0.490542
0.609552	-0.739518	-0.285586
0.194975	-0.803352	0.562682
0.452457	-0.20134	0.868761
0.806472	0.591202	-0.00914285
0.371906	0.578979	0.725583
-0.0277261	-0.99203	0.122917
-0.73772	-0.674958	-0.0141999
-0.256435	-0.358312	-0.897693
0.0118215	-0.180361	-0.983529
-0.735216	-0.229816	-0.637685
-0.159823	0.701763	-0.694251
0.499449	0.845114	-0.190612
0.80201	0.594827	0.0544172
0.869609	-0.443036	-0.217945
0.594947	0.765732	-0.244322
0.66753	0.665846	0.333245
-0.495254	-0.48013	0.724016
-0.223167	-0.923794	0.311128
0.263162	-0.784801	0.5611
0.737637	-0.55949	-0.377973
-0.908826	0.346554	0.232241
0.403462	0.832663	-0.379328
-0.404517	0.349672	-0.845042
0.526651	0.812398	0.250297
-0.110564	0.527781	0.842153
0.421477	0.802204	0.422878
-0.308641	0.677869	-0.667259
-0.621625	-0.601074	-0.502287
-0.372108	0.171003	-0.912301
-0.679267	0.030954	-0.733238
-0.621374	0.782985	-0.0288032
-0.379026	0.552685	-0.742212
-0.572818	0.780242	-0.251199
-0.391327	0.894263	-0.217157
-0.662011	0.726303	0.185001
-0.28012	0.703209	-0.653475
-0.589651	0.510552	-0.625818
-0.924021	0.070505	0.375785
0.656333	0.636531	0.405038
-0.617814	0.214891	0.756392
0.583072	0.757121	0.294609
-0.523586	0.668281	0.528449
-0.48765	0.520312	0.701051
-0.760587	0.648972	0.018525
0.407559	-0.447183	0.796193
-0.321148	0.946624	0.0277048
-0.512897	0.858359	-0.0124992
-0.932183	0.0962563	0.348955
-0.741598	-0.377089	-0.55483
-0.652262	0.74352	0.147421
-0.345265	-0.0503338	-0.937155
-0.791705	-0.270478	-0.547764
-0.531557	0.802179	0.271947
-0.975942	-0.192132	-0.103063
-0.290451	0.956278	0.0342106
-0.388485	-0.911745	0.133422
-0.42229	-0.737626	-0.526857
-0.181511	0.951952	-0.246661
0.849565	0.1282	-0.511668
0.40758	0.534953	-0.74007
-0.0630465	0.90202	0.427066
0.868677	0.284389	-0.405614
0.379878	0.41284	-0.827802
0.135979	0.916373	-0.376524
0.174373	0.967473	-0.183278
-0.576337	-0.195264	-0.793541
-0.7431	0.58988	-0.315981
-0.0707798	0.91863	0.388727
0.693032	-0.700065	0.172094
-0.247224	0.939628	-0.2366
-0.21007	0.716427	0.665284
-0.951225	0.262132	-0.16266
-0.831726	0.492783	-0.255726
-0.987892	0.0986539	0.119733
-0.876609	0.0528025	0.478298
0.9131	0.407276	-0.0193291
-0.269259	0.813516	0.515453
-0.601213	0.434905	-0.670374
0.118638	-0.71018	-0.693952
-0.344632	-0.0405534	-0.937861
0.405665	0.0112187	0.913953
0.55868	0.807096	0.190977
0.0433341	0.989074	-0.140905
0.214532	0.221891	0.951179
-0.590459	0.700075	0.401564
0.194576	0.615271	0.763925
-0.294448	0.0743507	0.952771
0.277974	0.888329	-0.365516
-0.143607	-0.133271	-0.98062
0.280619	0.643216	-0.712409
0.892159	-0.146911	-0.427164
-0.265853	0.0671333	-0.961673
0.444823	-0.364331	-0.818166
-0.484046	0.531436	-0.69518
0.0686454	0.654944	-0.752553
0.913131	-0.384679	-0.134961
-0.727797	-0.676832	-0.110503
0.646752	-0.279422	-0.709673
-0.10904	-0.294243	-0.94949
-0.5636	-0.61584	0.550542
0.618098	-0.779448	0.102056
-0.172434	-0.942444	0.28647
0.70721	-0.652227	0.272862
0.229349	-0.520596	0.822423
-0.958489	0.0197495	0.284443
-0.271168	-0.860348	-0.43159
-0.644394	-0.0916261	0.759185
-0.34707	0.914569	0.207619
-0.423369	-0.550407	0.719591
0.581323	0.641593	-0.500422
0.320829	0.496915	-0.806315
0.127884	0.234663	-0.963628
0.566922	-0.0469692	-0.822431
0.031459	-0.965864	-0.257133
0.0771368	-0.163719	-0.983487
0.0626371	-0.997888	-0.0172247
-0.0728738	-0.210485	0.974877
0.29441	-0.860017	0.416765
-0.441243	-0.162108	0.882624
-0.39012	-0.433865	0.812138
-0.874011	-0.41774	0.24819
-0.911179	0.310154	0.271214
-0.758651	-0.129458	-0.638505
0.842813	0.176666	0.508385
0.957671	0.19704	0.20986
0.902887	-0.418173	-0.0996301
-0.397385	-0.612744	0.683103
-0.646706	0.372934	0.665351
-0.981402	0.0342846	0.188877
-0.0601167	0.87022	-0.488982
0.345606	0.0759942	-0.935297
0.436357	0.244863	-0.865815
0.453627	-0.00861507	-0.89115
0.24045	-0.135746	-0.961123
0.255962	-0.892023	0.37253
0.712376	-0.658617	0.242371
-0.764443	-0.630414	0.134928
0.962138	0.0481815	0.26827
0.775705	0.578369	0.25253
0.216159	0.552299	0.805134
-0.259304	-0.31511	-0.912944
0.621415	0.468908	-0.627669
0.484566	0.872025	-0.0690563
0.117309	0.358116	-0.926278
-0.107481	-0.605359	-0.788662
0.295449	0.556146	-0.776796
-0.507805	-0.853845	-0.114378
-0.253761	-0.877748	0.406404
-0.938901	-0.333167	-0.0863998
-0.95315	-0.229923	0.196572
0.221378	-0.849496	-0.478904
-0.460428	0.598888	0.65524
-0.794655	-0.140131	-0.590666
0.815046	-0.568887	0.109855
-0.295674	0.719482	0.628429
0.670545	0.737627	-0.0792209
-0.591972	0.785415	-0.180812
0.38669	-0.0966203	0.917134
-0.637191	0.686507	0.350279
-0.217791	-0.470115	0.855312
0.378642	-0.0122164	-0.925463
0.609046	0.50853	0.608654
0.0849055	-0.645242	-0.759245
-0.150502	0.349898	0.924619
0.879633	-0.452797	0.145672
-0.232826	0.646667	0.72637
0.205767	0.805528	-0.555684
-0.814558	0.421791	-0.398231
0.265411	0.546621	-0.794206
-0.222652	0.949307	0.221905
-0.380624	0.773178	-0.507268
-0.894383	0.0990795	-0.436191
-0.175389	0.981977	0.070431
-0.639855	0.2954	0.709453
-0.523912	-0.851413	0.0247399
-0.585573	0.677859	0.444535
-0.81855	0.554302	0.150751
-0.998245	0.038691	-0.0448321
-0.821779	-0.55757	0.117452
-0.98468	0.167866	-0.0471814
-0.511556	-0.509658	-0.69178
-0.923374	-0.272627	0.270286
-0.962917	0.0690971	0.260801
-0.719711	0.218265	-0.659073
-0.236669	-0.620989	-0.747235
-0.924134	0.226671	-0.307566
-0.741523	-0.559301	-0.370576
-0.10703	-0.499696	0.859563
0.210958	-0.811135	0.545488
0.706204	0.288032	0.646771
0.220358	0.270894	0.937048
-0.254442	0.80926	0.529488
-0.116705	-0.230728	0.965994
-0.936378	-0.0967241	-0.337403
-0.804112	0.105195	-0.585097
-0.46164	0.548249	-0.69736
-0.915334	-0.100403	-0.389979
-0.858836	-0.0891388	-0.504436
0.260115	0.106256	0.959713
-0.93623	-0.261852	0.234321
-0.547926	0.832525	0.0817251
-0.102702	0.00690832	0.994688
-0.565465	0.179202	-0.805069
-0.681407	-0.650197	-0.336048
0.508041	0.844825	0.167821
0.043457	-0.170707	-0.984363
-0.285922	0.672277	-0.682856
-0.226218	0.634399	-0.739164
-0.526665	-0.84357	0.104944
-0.659899	0.120466	-0.741634
0.826833	-0.409667	-0.385383
0.335756	0.832325	0.441025
-0.862805	0.125025	0.489833
-0.816281	-0.343361	-0.464531
0.880794	-0.472442	-0.0316345
-0.82838	0.476468	0.294557
-0.262363	-0.643283	-0.719272
0.128274	0.991739	-0.000297328
-0.141642	0.832516	-0.535589
0.81632	-0.576929	-0.0278244
0.245666	0.957407	0.151725
0.342301	0.60743	0.71684
-0.598311	0.776416	0.197994
0.0859354	0.980594	-0.176214
0.426094	0.90175	0.0727329
0.199067	0.333657	0.921437
-0.665146	-0.157563	0.7299
-0.0122818	-0.46163	0.886988
-0.367209	-0.100572	0.924685
-0.333368	0.11762	0.935431
-0.265836	0.258304	0.928768
0.486667	0.316305	0.814314
-0.242429	0.564987	0.788681
0.711888	-0.202661	0.672416
0.240855	0.938107	0.248884
-0.138668	-0.594584	0.791986
-0.732056	0.0475369	0.679583
0.0617095	0.564508	0.823118
-0.0442875	0.990272	0.131911
0.877471	0.289386	-0.382491
-0.305613	0.92913	0.208129
0.188864	0.534093	0.82406
-0.229962	0.656743	0.718196
0.863754	0.326078	0.384189
0.617083	0.672878	0.407974
0.850244	0.496142	-0.175865
0.442866	-0.194326	0.875276
0.64522	-0.0775907	-0.760047
-0.313227	0.605957	0.731235
0.374351	-0.925665	-0.0548222
-0.147961	0.983603	0.10311
-0.409545	0.804135	0.430859
-0.770469	0.518007	-0.371545
0.283702	-0.254605	0.924494
0.859159	0.5018	0.100211
-0.219544	0.234288	0.947053
0.174339	0.870786	0.459714
0.0042693	0.99926	0.038219
0.831959	-0.420821	0.361599
0.544967	0.493656	-0.677728
0.157583	0.701311	0.69522
0.614276	0.489141	0.619198
0.612209	-0.00903277	0.790644
0.603222	-0.0403435	0.796553
0.388597	-0.0322148	-0.920844
0.182509	0.913061	0.364705
0.165693	0.581664	-0.796375
0.232646	0.962787	-0.137536
0.661618	0.248612	0.707427
0.0138158	0.297939	-0.954485
0.994399	0.100752	-0.0319299
0.752765	0.292602	-0.589686
0.476918	0.362644	-0.800649
0.878385	0.0175457	-0.477632
-0.00998684	0.535228	-0.844649
-0.803577	-0.181908	-0.566722
-0.359686	-0.113354	-0.926162
0.0736394	0.669564	-0.739095
-0.524946	0.763272	-0.376627
0.00703482	0.999975	0.000330068
-0.889776	0.359238	-0.28151
0.203943	-0.582349	-0.786942
-0.616573	0.765131	-0.185507
0.357889	0.235859	-0.903485
0.769901	0.379715	-0.512903
0.285112	0.511266	0.810751
0.347297	0.879748	-0.324697
0.80824	-0.0454525	-0.587097
-0.0684746	-0.510844	-0.856942
0.405865	0.161322	-0.899582
0.398554	0.902866	0.161208
0.311767	-0.293192	0.903792
-0.225332	0.93519	-0.273212
0.254616	0.820869	0.511219
-0.30559	0.862321	0.403755
-0.400479	-0.168238	0.900729
-0.788111	0.5807	0.204131
0.564626	0.139406	0.813488
0.247669	0.87754	0.41059
0.536921	0.590592	0.602426
0.121902	0.598723	0.791625
0.924458	-0.03748	-0.379437
0.75573	0.350538	0.553168
0.852533	0.512936	-0.100423
0.510045	-0.0415091	0.859145
0.99154	0.129312	-0.0112846
0.100913	-0.287883	0.952334
0.958033	0.246584	-0.146183
-0.10575	0.0944436	-0.989898
-0.0598444	0.0953887	-0.99364
0.194952	0.0446289	-0.979797
-0.42466	0.00108122	-0.905352
-0.595332	0.63768	-0.488819
0.609513	0.212249	0.763835
0.364593	0.591878	0.718855
-0.761606	0.17425	0.624174
-0.882096	0.089769	-0.462438
-0.965841	-0.149011	0.212005
-0.984478	0.0443024	0.169827
-0.546608	0.425687	0.721118
-0.437491	-0.786552	0.435818
-0.924965	0.215645	0.312949
-0.21289	-0.494282	0.84283
0.826423	-0.275004	0.491323
-0.956865	-0.0904153	0.276104
0.00818612	-0.132659	-0.991128
-0.573844	-0.280907	-0.769281
0.134479	0.971951	-0.192943
0.199216	0.308082	-0.930268
-0.435642	-0.83889	-0.326311
0.706423	0.0807156	0.703172
0.209198	-0.686827	-0.696064
0.404155	-0.874018	-0.269725
0.39367	0.443727	0.805065
0.98237	-0.182613	-0.0400114
0.138927	0.165792	0.976326
-0.264157	0.771318	0.579042
0.249107	0.871587	0.422235
0.546696	0.837067	0.0210214
0.325171	0.379365	-0.866225
0.470517	0.514098	-0.717159
0.532514	0.10845	-0.839445
0.581245	0.274263	-0.766116
-0.169668	0.411843	-0.89532
0.679068	0.526635	0.511392
-0.33535	0.380194	0.86197
0.277919	-0.209559	0.937468
-0.705318	0.1952	-0.681486
-0.28698	-0.0792243	-0.954655
-0.550069	-0.833756	-0.047696
-0.832238	-0.539632	-0.127188
0.607297	0.138318	-0.782342
0.477308	-0.867011	-0.14307
-0.659187	-0.723926	0.203479
-0.276915	-0.45208	-0.847904
0.00361201	-0.814725	0.579836
-0.931963	-0.361718	0.0246149
0.36782	-0.0392737	-0.929067
0.560547	0.349509	-0.750753
0.190386	-0.00904066	-0.981668
0.417933	0.872983	-0.251463
0.582566	0.0465943	-0.811447
0.839807	-0.165766	-0.516958
0.390404	-0.406217	-0.826179
-0.188196	0.199751	-0.961604
-0.394983	-0.116853	-0.911227
-0.0710542	-0.858222	0.508337
-0.69406	-0.675483	-0.249005
-0.134722	-0.846274	-0.515432
-0.824218	-0.265149	0.50036
-0.371518	-0.739999	0.560693
-0.193483	-0.960106	-0.201893
-0.621418	-0.746269	-0.238585
-0.123285	-0.33276	0.934918
-0.300485	-0.286281	0.909809
0.258507	0.150007	0.954291
-0.733082	-0.679565	0.027971
0.109347	0.503899	0.856813
0.490741	-0.852171	0.181597
0.855077	-0.511091	0.08734
0.678086	-0.616799	0.399698
-0.385401	-0.536058	0.751071
0.63975	-0.586552	0.496666
0.874663	-0.154898	0.459317
0.136103	-0.813902	0.564835
-0.796797	0.600354	0.0684856
-0.538846	0.0882997	0.837764
0.0328014	0.966067	0.256201
-0.991559	-0.119442	0.0504367
-0.500126	0.63743	0.586137
-0.514968	0.253853	0.818759
0.966125	0.253009	0.0508801
0.878727	0.462059	0.119751
0.719074	-0.694917	0.00474509
-0.0447608	-0.95702	0.286549
-0.386121	-0.579779	-0.717473
-0.639366	-0.638693	-0.428115
0.406189	-0.743765	0.53087
-0.333799	-0.942123	-0.0313536
0.0185141	-0.653878	-0.756373
-0.309303	-0.50937	0.80304
-0.983828	0.135451	-0.117196
0.969255	0.143424	-0.199938
-0.755379	0.0366457	-0.654263
-0.251027	-0.705855	-0.662385
0.155149	-0.926906	0.341721
0.916329	0.17637	0.359493
-0.751797	0.508395	0.419923
0.828147	0.391865	0.400767
0.37396	0.883474	-0.282183
0.735469	-0.453082	-0.503787
0.724909	0.186977	-0.662983
0.952974	0.203548	-0.224521
-0.0109918	0.697457	0.716542
-0.267296	-0.160162	0.950211
0.147123	-0.614549	-0.775039
0.793731	-0.600113	0.0992721
0.128552	-0.791845	-0.597039
-0.883068	0.280522	-0.376162
-0.846953	0.214935	0.486286
-0.884172	-0.454305	0.108841
-0.719408	-0.448943	-0.530002
0.284689	-0.819888	-0.496725
0.571175	0.595221	-0.565218
0.17015	-0.603287	-0.779162
-0.682364	-0.729267	0.0504792
-0.076298	-0.481652	-0.873035
-0.333636	0.197117	-0.921863
-0.255827	-0.966296	-0.0287062
-0.629294	0.0162539	-0.776997
-0.620527	-0.583428	-0.523983
-0.894201	-0.358052	-0.268707
-0.511345	-0.824366	0.242791
-0.784375	-0.200265	-0.587069
-0.40742	0.617373	-0.672948
-0.953643	-0.131299	-0.270786
-0.909393	0.00273245	0.415929
-0.864329	-0.122102	-0.48788
-0.969066	0.242038	0.0482616
-0.652665	-0.0665314	-0.75472
-0.623337	-0.398061	-0.673052
-0.563997	-0.647516	-0.512475
-0.604683	0.793627	0.0671907
0.710864	-0.703243	-0.0110293
-0.813125	-0.505607	-0.288426
0.0404046	-0.417203	-0.907915
-0.673398	0.578045	-0.460867
0.831201	-0.0941927	-0.547934
-0.220617	-0.612895	-0.758741
0.343473	0.572275	-0.744666
0.0699046	-0.567215	-0.820598
-0.0828618	0.320479	-0.943625
0.464126	0.264765	-0.845273
0.464501	0.574519	-0.673919
-0.428418	0.688046	-0.585705
0.917689	-0.360856	-0.166224
0.431764	0.321817	-0.842623
-0.0471586	0.40104	-0.914846
-0.493057	0.802678	0.335562
-0.290584	-0.149866	0.94504
-0.614142	0.22723	0.755775
-0.15362	0.409537	0.899267
-0.894836	-0.444853	0.0370779
-0.976154	0.0414185	-0.213092
-0.692955	-0.633534	-0.344162
-0.199826	-0.898083	-0.391811
0.518613	-0.661826	-0.541319
0.717748	-0.254424	-0.648156
0.0330345	-0.594551	-0.803379
0.0512437	-0.341921	-0.938331
-0.0918366	0.389563	-0.91641
-0.385046	0.57092	-0.725114
0.379168	-0.275564	0.883344
-0.873432	0.0845568	0.479549
0.918372	-0.309559	0.246508
-0.0139058	-0.899184	0.43735
-0.81266	-0.582508	0.0163816
-0.0379669	-0.993989	-0.102688
0.0412996	0.34194	-0.938814
-0.363629	0.887301	-0.283674
-0.754431	0.656274	-0.0117356
-0.318172	0.818387	-0.478548
0.128732	0.681374	-0.720526
-0.79585	0.599185	-0.0871773
-0.115866	0.438832	-0.891068
0.485602	0.416253	-0.768716
0.258643	0.852634	-0.454002
-0.294128	-0.938673	0.17995
-0.304649	-0.843408	-0.442552
0.34117	0.413525	0.844156
-0.661641	-0.418806	-0.621959
-0.592666	0.782783	-0.189732
-0.974302	-0.208547	-0.0851153
-0.904999	0.422445	0.05016
-0.41335	0.79914	-0.436482
-0.624178	-0.764109	-0.162908
-0.533085	0.730604	-0.42666
-0.82665	-0.283067	-0.486337
-0.105815	-0.770302	-0.628838
-0.276032	-0.916508	-0.289516
0.658101	-0.0989683	0.746397
0.579756	0.344991	-0.738149
0.931	-0.358377	0.0693199
0.623288	-0.302966	0.720919
0.0634465	-0.879607	-0.471452
-0.649154	-0.619821	-0.440932
-0.0553632	-0.694039	-0.717805
-0.650621	-0.174016	-0.739196
-0.501399	-0.278377	-0.81921
-0.443416	-0.681119	-0.582632
-0.338292	-0.587845	-0.734845
-0.229386	-0.973278	0.0106315
-0.264001	-0.887974	-0.37657
-0.206618	-0.90093	0.38162
-0.843651	0.418484	-0.33634
-0.498868	0.102431	0.860604
-0.477385	0.864209	-0.158894
0.30667	-0.641412	0.703238
-0.195594	0.828528	0.524675
-0.756931	-0.0802352	-0.64855
-0.868918	0.255227	-0.424077
0.574625	0.812897	-0.094894
-0.491611	0.710564	-0.503407
-0.832242	0.542682	-0.113445
-0.952845	0.298626	-0.053935
0.645926	0.583359	-0.492415
-0.563519	0.641364	-0.520672
0.0863435	-0.145873	-0.985528
0.6744	0.0952811	0.732193
0.333734	-0.203281	-0.920488
-0.415618	0.806223	-0.42103
-0.144409	0.288438	-0.946546
0.45397	-0.465247	0.759905
0.172289	0.572338	0.801714
0.557635	-0.514332	-0.651541
-0.215069	0.57062	-0.792552
0.417601	0.743708	-0.522023
-0.982073	-0.158112	-0.102634
-0.136925	-0.967959	0.210494
-0.484352	-0.744633	0.459265
-0.735768	-0.638208	-0.226574
0.876877	-0.105776	-0.468933
-0.538444	0.710643	-0.452841
-0.140909	0.412634	-0.899932
-0.507696	-0.185846	-0.841252
0.658924	0.747897	-0.0804338
0.258096	-0.432459	-0.863925
-0.249234	-0.959839	-0.12881
0.0798425	-0.891151	-0.446627
0.747093	-0.377951	-0.546814
0.149845	0.00619787	-0.98869
-0.873575	-0.215619	-0.43632
-0.630954	-0.727685	-0.26902
-0.991424	-0.102898	0.0805623
-0.369824	-0.881733	0.292879
-0.318578	-0.606927	-0.728113
-0.925723	0.00457414	-0.378174
0.94546	0.297721	0.132165
0.321382	0.0824015	-0.943358
-0.633366	0.23067	-0.738674
-0.196643	-0.940737	-0.276308
0.868292	0.110384	0.483617
0.95503	-0.131577	0.265716
0.763813	-0.380119	0.521631
0.944929	0.0495726	0.323499
0.807641	-0.573474	-0.13727
0.0615939	0.466021	-0.882627
0.938899	-0.299807	0.169066
0.413103	-0.465704	0.782602
0.569494	-0.000248308	-0.821995
-0.0970602	-0.0985781	-0.990385
0.633149	0.431162	0.642823
0.418221	0.478115	0.772332
0.796326	0.584449	0.155834
-0.0511602	0.613924	0.787705
-0.941252	-0.153438	0.300835
0.222705	0.918324	0.327235
-0.761181	0.61235	0.213616
0.575343	0.4041	0.711114
0.619892	0.748364	0.235979
0.27133	0.868549	0.414731
0.948762	-0.0886365	-0.303305
0.926076	0.316437	0.205549
0.128989	-0.75756	0.639894
0.815476	0.323512	0.479937
0.782139	-0.3593	0.50908
-0.0987478	-0.221191	0.970218
0.631803	0.775089	-0.00788266
0.271986	-0.645759	0.713456
0.952663	-0.153082	-0.262677
-0.716474	0.254189	0.649656
0.828537	-0.333995	0.449415
0.582572	0.60452	-0.543292
0.506832	-0.676073	0.534833
0.637194	-0.0692141	-0.767589
0.311259	0.158882	-0.93695
0.914337	-0.263099	-0.307843
0.874175	0.215865	-0.434994
-0.260576	0.920395	-0.291503
0.294241	0.368365	-0.88189
0.700571	0.134371	-0.700818
-0.572537	0.765262	0.294237
-0.914371	0.00437643	-0.404853
-0.36416	-0.33343	0.869604
0.862235	0.414959	0.290449
-0.394697	0.709067	0.584328
-0.506051	0.8613	-0.0455462
-0.63378	0.527116	-0.566102
0.437209	0.14824	-0.887059
0.527123	-0.723317	0.446042
0.188544	-0.981656	0.0283319
0.337742	-0.850721	0.402746
0.598544	0.715057	0.361162
-0.632395	-0.765139	-0.120991
0.428095	0.594712	-0.68048
-0.331937	0.939693	-0.082428
0.629677	0.742349	0.228965
0.33602	-0.757992	0.559051
0.864832	-0.0587921	-0.498606
0.549878	0.676939	-0.489272
0.115029	0.745854	-0.656102
0.875061	0.484003	-0.00324997
0.755793	0.553437	-0.349979
-0.774156	-0.604379	-0.188172
-0.793487	-0.277911	0.541427
-0.498363	-0.133139	-0.856685
-0.912036	0.0298927	0.40902
-0.512545	-0.853804	-0.0911952
0.709636	-0.362258	-0.604306
0.114913	0.781808	0.612838
0.895002	0.0173064	0.445726
0.893348	0.10345	-0.437296
0.827079	-0.327139	0.457078
0.636731	0.029907	0.770506
0.151727	-0.205359	0.966854
0.524399	0.535798	0.66176
0.332315	0.909839	0.248515
0.631945	0.687671	0.357427
0.800588	-0.25959	0.540067
0.278411	-0.0525218	0.959025
0.352629	0.416648	0.837889
0.760502	0.3347	-0.556429
0.997326	0.00434921	0.0729555
0.865478	0.358447	0.349948
0.772243	0.634258	-0.0368447
0.99977	0.0171231	0.0129514
-0.628469	0.684925	-0.368652
-0.47947	0.373893	0.793923
-0.942514	-0.179448	0.281895
-0.988599	0.106695	-0.106247
-0.866297	0.24485	0.435406
0.69469	0.679806	0.235095
0.264024	-0.480409	0.83636
0.9119	0.375002	0.166768
-0.0960876	0.227615	0.968999
-0.216491	0.630605	0.745298
-0.933646	0.0520146	0.354399
0.535712	0.844395	0.00305516
-0.265727	0.954235	-0.137201
0.0394464	0.682266	-0.730039
-0.456472	-0.499707	-0.736156
-0.219565	0.465489	-0.857386
0.765612	0.595665	-0.242945
-0.986645	0.162736	0.00701629
-0.547924	-0.53698	0.641429
-0.0118694	-0.766072	0.642645
-0.70431	-0.463614	0.537597
0.548782	-0.714452	-0.434047
0.770888	-0.636103	-0.0332383
0.986418	-0.15598	0.0514816
0.856949	-0.183039	-0.481804
0.792534	0.608014	-0.0470024
0.435371	0.752975	-0.493438
0.272785	0.954373	-0.121489
0.919869	0.0446022	0.389681
0.409801	0.717919	-0.562722
0.518693	0.818485	-0.247062
-0.435525	0.678121	0.592005
-0.89082	0.182461	0.416111
-0.920934	-0.389701	-0.00373237
0.101087	0.793114	-0.600625
-0.602824	0.608178	-0.516452
0.990027	0.0764554	-0.118323
0.283254	0.930903	0.230624
-0.896882	-0.337781	0.285493
-0.179724	-0.198418	0.963499
-0.925717	-0.23158	-0.29903
-0.376497	0.917301	-0.129651
0.790538	0.612323	-0.010443
0.347344	0.763969	-0.543786
-0.391275	0.0828176	0.91654
-0.94338	0.330772	-0.024977
-0.704532	0.44399	0.553631
0.0795621	0.0351675	0.996209
-0.0696062	0.692524	0.718029
0.74699	0.0930032	0.658299
0.711389	0.701928	0.0349738
-0.130421	0.563141	0.816004
0.31554	-0.217789	0.923581
0.595833	-0.0173304	0.802921
0.180711	0.744689	0.642481
-0.730628	-6.81625e-05	0.682776
-0.00605062	0.0739011	0.997247
0.452695	-0.466471	0.759916
-0.285797	-0.693804	0.661026
0.949952	0.206189	-0.234684
0.387064	0.0277526	0.921635
0.465255	0.884974	-0.0189362
0.695969	0.459635	0.551691
0.502375	0.519114	0.691476
0.436967	0.238532	0.867273
0.90513	0.279617	-0.320241
-0.158289	-0.468242	-0.869306
0.192202	-0.784702	-0.589322
0.55254	-0.00593634	-0.833465
0.902793	-0.174765	-0.392965
0.767154	0.0269826	-0.640896
0.735612	-0.665748	0.125118
0.964761	-0.23911	-0.109827
0.86504	0.477883	-0.152756
0.889087	0.0604836	0.453725
0.918434	-0.263915	0.294666
0.729249	-0.271527	-0.628067
0.137811	0.508672	0.849859
0.241729	0.485901	0.839921
-0.248339	0.942896	0.221981
0.107083	0.217929	0.970072
-0.269741	0.45359	0.849409
0.361067	0.481824	0.798421
0.827377	-0.510328	0.234547
0.694882	-0.669361	0.262857
0.926033	0.348826	0.144162
0.751359	0.106929	-0.651172
0.985569	0.158308	0.0599315
-0.00196821	-0.292302	-0.956324
0.871938	0.47555	0.116519
0.914856	0.0963707	-0.39211
0.431413	0.266415	0.86192
0.964423	-0.166022	0.205732
-0.0663601	0.98425	0.163852
-0.0956988	-0.440052	-0.892858
-0.939232	-0.197293	-0.280923
-0.897591	0.367074	-0.244104
0.239022	0.959294	-0.150412
0.682258	-0.706649	0.187539
-0.317142	0.205394	-0.92587
0.857467	-0.20525	-0.47183
0.746994	0.141193	-0.649665
-0.43464	0.87043	0.231171
-0.271174	0.905161	-0.327334
-0.183219	0.851022	0.49213
-0.684522	0.658123	0.313534
