2175
0.22051	-0.561171	0.797786
-0.0787186	0.570909	0.817231
0.328471	-0.0414789	0.943603
-0.0839051	0.967679	0.237817
0.390114	0.438356	0.809726
0.0722058	-0.201577	0.976808
0.0718571	0.307664	0.948778
-0.650873	0.578787	-0.491294
0.745407	0.242374	0.620986
0.0528372	-0.748462	0.661069
0.492472	0.8078	0.32393
-0.910229	0.395899	0.121439
-0.165967	0.901926	0.398729
0.683161	0.727276	-0.0660331
0.135292	0.981214	0.137535
0.0290803	0.98794	-0.15208
0.0765117	0.754308	0.652047
-0.774764	0.579145	0.253639
-0.00472853	-0.134443	-0.99091
-0.331887	0.713781	0.61674
-0.665672	0.00936422	-0.746185
-0.56534	0.704342	0.429293
-0.538239	0.833923	0.121949
-0.597383	-0.49201	-0.633293
-0.880631	-0.247982	-0.403725
-0.914814	0.310191	-0.258644
-0.608909	-0.334046	-0.719474
-0.213703	0.619104	-0.755672
-0.923897	-0.234835	-0.302102
0.804943	0.551687	0.218423
0.233015	0.734663	-0.637162
-0.461416	0.676212	-0.57431
0.727408	0.148046	-0.670044
-0.494453	0.779024	-0.385536
-0.869504	0.479802	0.117274
-0.992377	0.114002	-0.0468181
0.541397	-0.218759	0.811809
0.722605	-0.677137	-0.139024
0.234882	-0.255344	0.937886
-0.351666	0.522058	0.777037
0.240752	-0.911458	0.333591
-0.036114	0.333143	0.942184
-0.253278	-0.956695	0.14347
-0.278592	0.0410221	0.959533
-0.507379	-0.839507	0.19441
-0.244525	-0.961379	0.126321
-0.452718	0.84136	0.295228
0.10058	-0.328778	-0.939036
-0.976399	0.153314	0.152118
-0.539956	-0.596238	-0.594094
-0.673084	0.660053	-0.333598
-0.493041	-0.839109	-0.229797
0.109325	-0.520045	-0.847113
-0.441028	-0.889483	0.119644
0.256948	-0.292857	-0.920984
0.00772073	-0.480964	-0.876707
-0.698288	-0.505226	0.50709
0.316793	0.39764	-0.861118
-0.483868	0.820048	-0.305603
-0.719242	-0.0421159	-0.693481
-0.619652	-0.543924	-0.565843
-0.299373	0.951533	-0.0704307
-0.557143	0.400509	-0.727451
-0.0742061	0.99155	0.106408
-0.94596	-0.311863	0.088884
-0.881881	0.433722	-0.184853
-0.404274	0.876462	-0.26149
-0.642498	0.405934	-0.649934
0.0979351	0.837416	-0.53772
0.571018	-0.073923	-0.817602
0.344769	-0.416865	-0.841046
-0.539179	-0.592112	-0.598907
-0.00312602	0.439934	-0.898025
0.802011	0.214508	0.557463
0.68844	0.29776	-0.661354
0.553608	0.793212	-0.253642
-0.417687	0.772965	0.477559
-0.365534	0.533898	0.762455
-0.741418	-0.670646	-0.0230753
-0.124088	0.799875	0.587198
0.940704	-0.305547	0.147367
-0.454701	0.877373	-0.153175
-0.394783	0.915465	-0.0779132
-0.16596	0.853739	-0.493546
0.596895	0.53981	-0.593566
0.937135	0.341209	0.0731749
0.92808	-0.361495	0.0893799
0.924277	0.143602	-0.35368
0.361343	0.0199665	-0.932219
-0.0544142	-0.167147	-0.984429
0.196081	-0.476161	-0.857218
-0.151612	-0.937357	-0.313648
0.547714	-0.301039	-0.780631
0.250097	0.880338	-0.40306
-0.524368	0.011448	-0.851415
0.207195	0.561595	-0.80105
-0.701798	-0.0128715	-0.71226
0.886368	-0.462846	-0.0111578
-0.0945844	0.578202	-0.810393
0.341968	-0.448164	-0.825958
0.833018	-0.134855	-0.536558
-0.360825	-0.866175	0.345753
0.404972	-0.78414	0.470236
0.725366	-0.464921	-0.507634
0.149412	-0.594902	-0.78979
0.66498	-0.595894	0.450236
0.713472	-0.401883	-0.573975
0.395275	-0.778484	0.487566
0.979107	0.145388	-0.142171
0.2089	0.916767	-0.34044
0.742738	-0.131848	-0.656473
0.621578	-0.231185	-0.748462
0.343437	-0.70173	-0.624201
0.653238	-0.13815	-0.744442
0.770193	0.239865	-0.590989
-0.321438	-0.0488043	-0.945672
-0.318488	-0.22328	-0.921256
-0.742702	0.665989	-0.0696516
-0.277608	0.790183	-0.546393
0.520217	0.308718	-0.796283
0.119564	0.924439	-0.362101
-0.347435	0.675236	0.65065
-0.0120207	0.892671	-0.450548
0.576969	0.490713	-0.652922
0.462334	-0.569761	-0.679426
-0.309454	-0.805399	-0.505539
-0.579729	-0.774172	-0.254111
0.157085	0.143374	-0.977122
0.91956	0.101364	-0.37965
-0.11275	0.377058	-0.919301
0.309596	-0.0397634	-0.950037
0.0670614	-0.821013	0.566957
0.53112	-0.82878	-0.176168
0.884123	-0.433071	-0.175432
-0.307455	-0.951512	0.0097905
0.859938	-0.352375	0.36924
0.182382	0.45839	-0.869836
0.693496	-0.14029	-0.70667
0.783393	0.537444	0.312169
0.395031	0.543951	-0.740316
-0.00285232	0.736977	-0.675912
0.804367	-0.359282	-0.473192
0.9793	0.153278	-0.132204
0.780341	-0.619005	0.088888
0.721885	0.0274751	-0.691467
0.78664	-0.611056	0.0883627
-0.511559	-0.844095	-0.160658
-0.892496	-0.326263	-0.311452
0.152105	-0.545155	-0.824421
0.279827	-0.737972	0.61408
0.386514	-0.91325	0.128767
-0.642521	0.501964	-0.578964
-0.189479	-0.755496	-0.627155
0.199643	-0.754013	-0.625785
-0.102962	-0.946538	-0.30572
-0.0403229	-0.136508	-0.989818
0.159337	-0.711015	-0.684886
0.0584147	-0.994345	0.0886853
0.230735	-0.858015	-0.458882
0.105037	-0.903811	-0.41484
0.342158	-0.133376	-0.930128
0.118939	-0.913361	-0.389391
-0.111607	-0.974975	-0.192268
-0.351064	-0.894096	-0.278111
0.699728	0.110553	-0.705804
0.218494	-0.366102	-0.90456
0.875473	-0.378087	-0.300994
0.342674	-0.768117	-0.540898
0.153326	-0.516699	-0.842326
0.729194	-0.369819	-0.575768
0.849217	0.413671	0.328188
0.0511215	0.51269	-0.857051
0.634326	-0.233846	-0.736849
-0.330551	0.283412	-0.90023
0.669559	0.735678	0.102315
-0.0807721	-0.906604	0.414181
0.0313942	0.216887	-0.975692
0.58141	-0.674882	-0.45442
0.58771	0.241468	-0.772198
0.370409	-0.210799	-0.904633
0.358348	0.10788	-0.927334
0.960595	-0.224718	-0.163585
-0.54652	-0.420147	-0.724425
-0.752187	-0.43651	-0.493633
0.89021	0.396689	0.223971
-0.159876	-0.94395	0.288785
-0.624013	-0.754633	0.202822
-0.406264	-0.765335	0.499212
0.00501752	-0.767753	0.640726
-0.387556	-0.869991	-0.304821
-0.0930907	-0.936634	-0.337715
0.846889	-0.492839	-0.199723
0.496432	-0.739552	-0.454552
0.809523	-0.127382	-0.573103
0.175293	-0.740243	-0.649086
-0.387421	-0.921857	0.0091701
0.0288843	0.651864	-0.757785
0.937458	0.287974	-0.195557
0.173996	-0.378688	-0.909022
0.601483	-0.448892	-0.660843
0.657878	0.747417	-0.0925457
0.499483	-0.845896	0.187021
-0.407192	-0.663938	-0.627201
0.134763	-0.530314	0.837022
-0.319521	-0.849949	0.418919
0.801782	-0.595256	-0.05306
0.311936	-0.935564	0.165578
0.926313	-0.0290303	-0.375634
0.853411	0.475584	-0.213329
-0.0418383	-0.896444	-0.441179
-0.371406	-0.871917	0.31909
-0.27911	-0.92407	-0.261136
0.889166	-0.147744	0.433076
0.754239	-0.0298139	-0.655923
0.549321	0.559576	-0.620581
-0.816136	-0.39999	-0.417049
0.14299	-0.896435	-0.419473
-0.743162	-0.657667	-0.123227
0.308232	-0.83472	-0.456329
0.350073	-0.936554	0.0177325
0.190741	-0.935494	-0.297436
-0.865547	-0.498196	-0.0512648
0.174992	-0.785933	-0.593033
-0.314634	-0.916046	-0.248728
0.228902	-0.965611	-0.123283
-0.0910984	-0.834215	0.543862
0.78731	-0.352582	0.505796
0.690109	-0.70927	0.143824
0.341322	0.236429	-0.909726
-0.0449825	-0.926984	-0.372393
0.958928	0.0905161	-0.268819
0.290701	-0.861597	0.416106
0.910252	0.37556	-0.174346
0.274647	-0.367787	-0.888427
0.346685	0.0282625	-0.937556
0.977355	0.0483284	-0.206011
0.584448	0.330436	-0.741102
0.308037	-0.280632	-0.909043
0.306614	0.817735	-0.487131
0.632788	0.200867	-0.747818
0.093225	0.929721	-0.356271
0.275551	0.869595	-0.409728
0.374772	0.759078	-0.532304
0.144378	0.85587	-0.49663
0.671998	0.740388	0.0156175
0.709238	0.647765	-0.278176
-0.0808118	0.885893	0.456797
0.688489	0.537815	-0.486558
0.00978536	0.812529	-0.582838
0.362026	0.826041	-0.431964
-0.948106	0.297348	-0.112598
0.198803	-0.152522	-0.968098
-0.0513087	0.151774	-0.987083
0.0906188	-0.758789	0.645002
-0.142189	-0.989818	-0.00648848
-0.217234	-0.462045	0.859839
-0.0440359	-0.328183	0.943587
0.599385	-0.750095	-0.279453
0.601666	-0.797112	0.0510985
0.937767	0.267112	-0.22191
0.502878	-0.567849	0.651661
0.169337	0.835923	-0.522071
0.835253	-0.510599	0.204062
0.79289	0.518278	-0.320489
0.899948	0.431785	0.0604539
-0.0608665	0.942382	-0.328956
-0.722673	0.135983	-0.677682
-0.430503	-0.495279	-0.754563
-0.428208	-0.579091	-0.693751
0.616685	-0.646499	0.449154
0.686698	-0.387131	0.615284
0.646692	0.395354	0.652292
0.869421	0.269192	0.414299
0.450194	0.646983	-0.615417
0.271583	0.953423	0.131252
-0.186663	0.978618	0.0863928
-0.248051	0.84174	0.479525
-0.240717	0.838967	-0.488046
-0.724231	0.683148	-0.0937992
-0.0136471	-0.973718	0.227347
-0.617949	-0.163682	0.768991
-0.393489	-0.908525	-0.140531
-0.174241	-0.509998	0.842343
-0.0010149	-0.999993	0.00363512
-0.0179446	0.294488	0.955487
-0.363949	0.92881	0.0696642
-0.340997	0.849189	0.403236
-0.337962	-0.228414	0.913022
0.519722	0.59536	0.612728
-0.0736215	0.448851	0.890569
-0.955353	-0.0626149	0.288758
-0.770847	-0.577152	-0.269612
-0.977831	0.12424	-0.168555
-0.268827	-0.771695	-0.576384
-0.347334	-0.356525	-0.867323
-0.234115	-0.72989	-0.642224
0.327055	-0.3749	-0.867459
0.0887342	-0.0108065	-0.995997
0.748343	0.42166	0.51204
-0.83334	-0.496165	0.24365
0.945652	0.293218	0.140592
-0.0271509	0.0140618	-0.999532
-0.0201331	0.415136	0.909537
-0.167238	-0.863707	0.475438
-0.350607	-0.297444	0.888033
0.038404	-0.524864	0.850319
-0.801116	-0.414162	-0.432069
-0.491784	-0.592758	0.637798
-0.204288	-0.283433	0.93698
0.0330081	0.0447944	0.998451
0.531081	-0.3108	0.788261
-0.384669	-0.275905	0.880855
-0.138335	-0.475435	0.868806
0.0406436	0.194464	0.980067
-0.797536	-0.0917374	0.596256
-0.524499	0.72272	0.450085
-0.97901	0.0827217	-0.186271
-0.463802	-0.588213	0.66249
-0.945586	-0.284849	0.157251
-0.958518	0.203661	0.199414
-0.892355	0.035993	-0.449896
-0.632808	-0.171145	0.755158
-0.868119	-0.325159	0.375021
-0.905691	-0.423082	-0.0269128
-0.0336027	-0.91546	-0.401002
-0.775236	-0.586855	0.233687
-0.545396	-0.292345	0.785543
-0.414557	-0.908937	0.04446
0.99654	-0.0725107	-0.0406179
-0.350214	0.735934	-0.579441
-0.848243	-0.310233	0.429231
0.370462	-0.789782	0.48888
0.480879	-0.743319	0.465008
-0.708593	-0.165676	-0.685892
0.287424	-0.849589	0.442252
0.198366	0.939315	0.279889
0.549529	0.834439	0.041591
-0.83106	0.135815	0.539346
-0.579249	0.77779	0.243953
-0.229899	-0.111786	-0.966773
0.544425	0.636047	-0.54685
0.873157	-0.455061	0.174689
0.861395	-0.222575	0.456573
0.286304	0.149481	0.946406
-0.243706	-0.0569664	0.968175
0.415926	0.760323	0.498912
-0.598091	0.0984216	0.795362
-0.86748	-0.472008	-0.15712
-0.697609	-0.547291	0.462401
-0.420427	-0.654159	0.628743
-0.729985	-0.683449	-0.00446947
-0.351599	0.300528	0.886601
-0.147605	-0.673122	0.724651
0.859897	-0.470756	0.197399
-0.76067	-0.000754299	0.649139
0.914376	0.0519925	-0.401515
0.593908	0.743536	-0.307291
0.881541	-0.0108117	0.471984
0.847556	0.530199	-0.0232071
0.432785	0.689053	-0.581295
0.619703	0.653469	-0.434679
0.58321	0.688473	0.431128
0.35064	0.834093	0.425842
0.698582	-0.0523008	0.713616
0.257615	-0.816082	-0.517344
0.882276	-0.199297	0.426462
0.600098	-0.787808	0.138714
-0.788052	-0.551004	-0.274534
-0.460588	-0.736816	-0.494935
0.154365	-0.333723	0.929947
-0.0556074	-0.35038	0.934955
-0.789798	-0.42676	0.440562
-0.272088	-0.282509	0.919868
0.309575	-0.935036	0.172833
0.633168	-0.459134	-0.623133
0.891336	-0.384588	0.240025
-0.204699	-0.671252	-0.712404
0.793275	-0.352646	-0.496343
0.90033	0.42517	-0.0929335
0.521175	0.733429	-0.436415
-0.551843	0.41277	-0.724631
0.306646	0.778913	-0.547049
-0.522921	0.735782	-0.430323
0.858422	0.329366	-0.393231
0.904923	0.357961	-0.230172
0.40485	0.780406	0.476512
0.736888	0.648201	0.191916
0.671095	0.736696	-0.0831306
0.663329	-0.611298	0.431636
0.64946	-0.555018	0.519765
0.930845	0.357908	0.0736774
0.976023	-0.210647	0.054836
0.826745	0.401953	-0.393608
0.367631	0.244813	0.89717
-0.69833	0.33008	-0.635124
0.0289951	-0.448032	0.893547
0.150381	-0.258631	0.954199
0.424188	-0.636213	0.644436
0.561187	-0.206355	0.801552
-0.8524	-0.213454	0.477339
-0.446264	-0.616378	0.648789
-0.794695	0.142743	-0.589986
-0.604134	0.379729	0.700591
0.98554	0.117609	-0.121976
0.678206	0.338639	0.652197
0.466394	0.466823	0.751367
-0.328986	-0.556681	-0.762807
-0.484086	-0.413904	0.770937
0.543379	-0.0497156	0.838014
0.29157	0.27602	0.91586
0.921403	0.127626	0.367053
-0.687969	-0.104637	0.718158
0.964501	-0.00411641	-0.264045
0.0181949	-0.735607	0.677165
-0.669363	0.0346809	-0.742126
-0.865436	-0.00172333	-0.501016
-0.59096	-0.326704	0.737584
-0.819654	-0.303363	0.48594
0.800668	0.57499	0.168278
0.170145	0.0351715	0.984791
0.936645	0.183867	0.298143
0.54293	0.802047	0.248893
0.0971436	0.645265	0.757757
0.239768	0.460466	0.854683
0.986789	0.107373	0.121317
0.559883	-0.712397	0.42311
0.745626	0.223814	0.627654
0.897432	0.326035	0.297182
0.812705	0.566087	0.138041
-0.270202	0.952254	0.142141
-0.762871	0.11532	-0.636184
-0.632212	0.374181	-0.678451
-0.289661	0.523837	-0.801056
-0.250099	0.863454	-0.438061
-0.724766	0.688319	-0.0305155
-0.992105	0.124957	-0.0106805
-0.78935	-0.256588	0.557754
-0.85773	0.496123	-0.134767
0.236904	0.920811	-0.309812
-0.55956	-0.305171	-0.77056
-0.877588	0.476653	-0.0513977
-0.731688	-0.105313	-0.673455
-0.674293	0.0109255	-0.738383
0.775578	-0.557194	0.296672
0.19414	0.17827	0.96464
0.382444	-0.506701	0.772652
-0.565193	-0.668548	0.483322
-0.664589	0.253435	0.702917
-0.00783259	0.441421	0.897266
0.100752	0.0591873	0.99315
0.50902	-0.818031	-0.267813
-0.0452138	-0.774223	-0.631296
0.532751	-0.800083	-0.275761
-0.472958	-0.126361	-0.871977
-0.608207	0.659852	-0.441225
-0.595917	-0.46853	-0.652199
-0.84822	-0.47374	-0.236839
-0.829085	-0.550937	0.0953214
-0.257955	-0.756472	-0.601006
-0.453694	-0.788677	0.414911
-0.495527	-0.699231	0.515294
-0.548167	-0.834282	0.0590509
0.986345	0.0852387	0.140921
0.265015	-0.924352	0.274481
-0.584184	-0.352116	0.731262
-0.78189	0.607899	0.138226
-0.10536	0.63723	0.763438
-0.213016	0.570699	0.793049
-0.244371	0.72731	0.641329
-0.568843	0.799856	-0.191438
-0.0481452	0.73247	-0.679094
-0.83873	-0.143775	-0.525224
-0.827888	0.478762	0.292214
-0.907943	0.364754	-0.206385
-0.855697	-0.378148	-0.353252
0.0631236	-0.911705	0.405968
-0.726468	-0.483245	0.488589
0.287604	-0.915407	0.281626
0.726354	-0.662885	0.181644
0.515014	-0.604882	-0.607353
-0.00300874	-0.263427	-0.964675
-0.916828	0.268673	-0.295366
0.759447	-0.645561	0.0805652
0.111626	-0.833281	-0.541463
-0.537646	-0.217984	-0.814506
-0.0229445	-0.251273	-0.967644
-0.521974	-0.63034	-0.574643
-0.0470737	-0.953005	-0.299274
-0.722512	-0.494093	0.483579
0.37985	0.477987	-0.791986
-0.0674295	0.0131011	0.997638
0.627966	0.707459	0.324284
-0.0225345	0.977907	-0.20782
-0.11613	0.183098	-0.976212
0.180924	-0.962994	0.199774
0.309588	-0.682257	0.66233
0.0776135	-0.963722	0.255375
-0.195921	-0.816267	-0.543437
0.0656476	-0.795362	0.602569
0.228099	-0.823968	0.518697
-0.0106273	-0.866689	0.498736
0.236481	0.0503745	0.970329
0.275433	-0.903632	0.328002
0.562517	-0.822781	0.0812825
0.896995	-0.186184	0.400917
-0.499106	-0.818771	0.283736
0.130912	-0.988238	0.0790361
-0.19218	-0.977397	-0.0881038
0.513431	-0.366777	-0.775798
-0.716151	-0.658979	0.229946
0.23691	-0.925107	0.296732
-0.780454	-0.0970057	-0.617641
-0.57028	-0.315907	-0.758277
-0.852578	-0.506605	0.128302
-0.0723583	0.37858	-0.922736
-0.564595	-0.645167	-0.514774
-0.683583	-0.208529	-0.699449
-0.950336	0.27112	0.152822
0.370055	-0.709216	-0.60006
-0.766252	-0.417119	-0.488743
-0.847691	-0.523958	-0.0829945
-0.34707	-0.38661	-0.854444
-0.446923	-0.788697	0.422158
-0.272165	-0.949935	0.15346
-0.396714	-0.833031	-0.385586
-0.927035	-0.104405	-0.360146
-0.418489	-0.563591	-0.712202
-0.000345497	-0.526087	0.850431
-0.0809716	-0.771475	0.631086
-0.36072	-0.928949	0.0832811
-0.992688	-0.11738	0.0281656
-0.90358	-0.423382	-0.0655058
-0.513854	-0.318619	0.796515
-0.581919	-0.798203	-0.155696
-0.333808	-0.662353	0.670716
-0.190608	-0.963061	-0.190214
-0.414352	-0.303766	-0.857927
-0.377642	-0.119705	-0.918182
-0.663877	0.643084	-0.381719
-0.875183	0.0287547	0.482936
0.97129	0.23309	-0.0475979
-0.524838	0.809804	0.262226
-0.334604	-0.884751	0.32443
-0.769377	-0.593068	-0.237338
-0.0250906	-0.898566	0.438121
0.695054	-0.678036	-0.239095
-0.0463084	0.156454	-0.986599
-0.439123	-0.818125	-0.371271
-0.908588	-0.231636	0.347582
-0.139673	-0.986409	0.0865323
0.727057	0.624272	0.285785
-0.291662	0.89328	-0.342029
0.188105	0.490487	-0.850905
0.858918	0.488675	-0.153158
0.303606	-0.484666	-0.820319
0.408363	0.654914	-0.635867
0.597512	0.261536	-0.758009
0.152393	-0.803447	0.575543
-0.231148	0.93584	-0.266035
0.103576	0.804665	-0.584625
-0.730234	0.630954	-0.262023
0.263449	0.132249	0.955565
0.486695	0.0451847	0.872403
0.486231	0.312051	-0.816213
-0.14253	0.367342	0.9191
0.899295	-0.414697	-0.138904
0.530142	0.423222	0.734733
0.485308	0.495266	0.720546
0.702302	0.69875	0.136088
0.551396	-0.759758	0.344574
0.0345778	-0.326682	0.944501
0.841708	-0.443224	0.30835
-0.0112391	-0.824419	0.565868
0.627377	-0.39845	0.669056
0.0963319	-0.622979	0.776285
-0.0230921	-0.954939	0.295903
-0.00159878	-0.99242	0.122885
0.960585	-0.237336	-0.144738
0.829327	-0.555926	-0.056246
0.688284	-0.605203	0.399994
0.580301	-0.532922	0.615829
-0.341536	-0.0238057	-0.939567
-0.762547	0.349334	-0.544507
-0.645018	0.656755	-0.390672
-0.851116	0.0250208	0.524381
0.7695	-0.258868	-0.583829
-0.215527	0.33019	-0.918979
0.577359	-0.25304	0.77629
0.794414	0.519417	0.314822
0.79591	0.571602	-0.199495
0.379116	0.911872	-0.157353
0.457203	0.475293	0.751706
0.882459	0.414597	-0.222206
0.456798	0.242192	0.855966
0.784489	0.283988	0.551297
0.798254	0.329975	0.503893
0.979643	0.0324846	-0.198103
0.132486	-0.810025	0.571233
0.140499	-0.510059	0.848587
-0.566077	-0.511037	0.646837
0.936036	0.168404	0.308994
0.00596318	-0.479417	0.877567
0.100394	-0.96194	0.254149
0.174369	-0.293643	0.939877
-0.527079	0.290947	-0.79846
-0.245365	-0.711976	0.657941
-0.285631	-0.900025	-0.329196
-0.38026	0.891107	-0.247651
0.388208	0.911852	-0.133494
-0.0543934	0.537495	-0.841511
0.717638	0.0171663	-0.696205
-0.559994	0.441373	0.70114
0.284254	0.755267	0.590568
0.725156	-0.230562	-0.648837
-0.360138	0.481894	-0.798799
0.12164	0.391195	-0.912234
0.467588	-0.568519	-0.676866
0.994612	0.057094	-0.0865295
0.924417	0.314355	0.21595
0.992354	0.09565	0.0780042
-0.308033	-0.530588	0.789679
-0.209954	-0.491011	-0.845474
-0.0826917	0.856027	-0.510275
-0.117043	0.380502	-0.917344
-0.609855	0.585375	-0.534241
0.920449	0.105172	-0.376448
0.168138	-0.939196	-0.299401
0.40026	-0.587111	-0.703628
0.314459	-0.731363	-0.605164
0.743068	-0.50482	0.439324
0.99787	0.0636022	0.0145164
0.473462	-0.717046	-0.511545
0.193177	-0.639337	-0.744265
0.391986	0.140984	0.909104
0.470654	0.707711	-0.526906
0.677253	0.482271	-0.555646
0.804191	0.591726	-0.0560126
0.319578	0.91513	-0.245776
0.852297	0.182934	0.490026
0.549153	0.787302	0.280335
0.996591	0.00131578	0.0824856
0.818809	0.46451	-0.337315
-0.495777	0.440649	-0.748354
0.778522	0.528501	-0.33851
0.325224	0.557444	-0.763862
-0.246887	0.916913	-0.313556
0.814278	-0.192396	-0.547664
0.832954	-0.0257594	-0.552743
0.217693	0.0243988	-0.975712
0.423357	0.0106272	-0.9059
0.743181	0.574876	0.342343
0.635241	0.707322	-0.310103
0.917141	-0.376844	-0.129773
0.43533	0.57954	-0.688928
0.735515	-0.534764	-0.415987
0.894612	0.25492	0.366994
-0.495445	-0.0553601	0.866873
0.29671	0.444676	-0.845119
-0.131029	0.941977	0.30905
-0.767165	0.600789	-0.224746
0.674268	0.725841	0.136081
0.519131	0.182139	-0.835062
0.809636	-0.270434	-0.520917
0.456247	-0.885069	0.0921462
0.834265	-0.33382	-0.438824
0.670215	-0.60982	-0.423002
0.848061	-0.151772	0.507699
-0.320487	-0.380809	-0.867337
0.700706	0.0832654	0.708575
0.582306	-0.506829	-0.635644
0.64943	-0.194	-0.735259
0.487534	0.497611	-0.717422
0.986249	0.0952631	-0.13505
-0.230119	0.155458	-0.960665
0.316153	0.724584	-0.612393
0.453081	0.885479	0.103174
-0.0604326	0.998164	0.00413572
0.906198	-0.416251	-0.0744263
-0.128265	0.115535	-0.984987
-0.442938	-0.193051	-0.875521
0.944332	0.328977	0.00336203
0.491603	-0.0831417	-0.866841
0.617906	0.654377	-0.43587
0.639191	0.396116	-0.659186
0.706206	0.133424	-0.695321
0.671675	-0.661992	-0.332594
0.701481	0.226234	-0.675828
0.181839	0.260001	-0.948332
0.202292	0.682537	-0.702297
0.405094	0.811117	-0.421887
-0.668616	0.589102	0.453775
-0.701677	0.654341	-0.281936
-0.916978	0.375832	0.133798
0.595357	-0.117414	0.794836
0.0273572	-0.492135	-0.870089
-0.866072	0.140201	-0.479858
0.320526	0.265079	-0.909393
0.61887	-0.766081	0.17355
-0.356951	-0.275739	-0.892499
-0.800381	0.587141	-0.121064
-0.151877	-0.497869	-0.85385
-0.399892	-0.862372	0.310484
0.0198144	0.239526	-0.970688
-0.785187	-0.306813	-0.53791
0.0834933	0.121729	-0.989045
0.129632	-0.973882	-0.186411
0.646276	0.543459	-0.535705
-0.431537	-0.902005	-0.0127777
0.591915	0.614509	0.521552
-0.131288	-0.983974	-0.120657
0.591389	-0.801709	0.0867323
-0.333196	-0.942852	0.00330759
0.251813	-0.201774	-0.946508
-0.858275	0.0820998	0.50658
-0.269675	-0.493103	-0.827118
-0.472329	-0.684653	-0.555118
-0.49264	-0.0735067	-0.867123
0.409182	-0.826845	0.385873
0.319595	-0.161092	-0.93376
0.27223	0.952304	-0.137869
-0.378606	0.128061	-0.916656
0.185173	0.071989	-0.980066
-0.148984	0.867003	-0.47551
-0.400063	0.231042	0.886887
0.369023	0.890098	0.267484
-0.0110185	0.801087	0.598447
-0.508777	0.547842	0.664089
0.697256	-0.628294	-0.345082
0.0994514	-0.949797	-0.29664
0.445739	-0.764237	-0.466109
0.300371	-0.687168	0.661496
0.641342	-0.497481	0.584117
0.10028	-0.758347	0.644091
-0.32181	-0.183621	0.928828
-0.196665	-0.807175	-0.556588
0.574487	0.135315	-0.807251
0.845633	-0.136962	-0.515894
0.783914	-0.34096	-0.51887
0.835017	-0.274838	-0.476666
-0.660437	0.57868	-0.478489
0.769546	0.101437	0.630484
0.756935	-0.193318	-0.624241
0.823149	-0.0859132	0.561288
0.340278	0.863602	-0.372024
-0.558255	-0.204298	0.804123
-0.216169	0.87218	0.438831
0.88503	0.462044	-0.0568992
0.695898	0.326706	0.639523
-0.0316394	0.898611	0.437605
-0.330312	0.349027	0.876969
-0.0213962	0.904476	0.425987
0.166579	-0.170732	0.971135
-0.637959	-0.360978	0.680223
0.0498715	-0.0196865	0.998562
-0.827136	0.230288	0.512654
0.554852	0.823839	0.11588
0.0327005	-0.551864	0.833293
0.771913	0.498345	0.394718
-0.829944	0.360103	0.426049
0.954407	0.038989	-0.29595
-0.894054	-0.198341	0.401656
-0.640279	0.516619	0.56846
-0.390063	0.914867	-0.104256
-0.0928066	0.991833	-0.0874853
-0.646578	0.583877	0.490942
0.0938574	0.993935	-0.0572985
-0.623175	0.770368	-0.134859
-0.305251	0.734357	0.606253
0.527075	-0.0695141	0.846971
-0.68217	0.285668	0.673081
0.478199	-0.0373179	0.877458
-0.190529	0.721442	0.665747
-0.682261	-0.0842231	0.726241
-0.832173	-0.501277	0.237087
0.793628	-0.536547	0.28683
-0.325354	0.339169	0.882672
-0.665297	0.161058	0.728999
-0.295177	0.915074	0.27479
-0.474632	-0.206385	0.855646
-0.969152	-0.0503025	0.241274
-0.801127	-0.0769243	0.59353
-0.845539	0.266833	-0.462455
-0.43571	0.407876	0.802368
-0.897859	0.134629	0.419195
-0.990578	0.122721	0.0607812
-0.739018	0.608498	-0.289108
-0.285604	0.465616	0.837635
-0.907191	0.356245	-0.223817
-0.0846786	0.624972	0.776041
-0.833527	0.151476	-0.531308
-0.487491	0.385696	-0.783321
-0.303164	-0.558472	-0.77214
0.307446	0.59756	0.740539
-0.587121	0.384255	0.712487
-0.0763045	0.989089	-0.12602
0.390553	0.448789	0.803777
-0.699042	0.22403	0.679081
-0.862622	0.293943	-0.411681
-0.331285	0.819382	0.467828
-0.0990396	-0.519191	0.8489
-0.697714	-0.508541	0.50456
-0.260122	-0.23322	0.936987
0.171386	-0.308386	0.935695
-0.99714	-0.00663411	-0.0752906
0.20746	0.966342	-0.152129
0.222588	0.290731	0.930554
0.221227	0.958094	-0.181971
-0.568628	-0.664137	0.48537
-0.0814956	-0.634187	-0.768873
-0.157634	-0.116719	-0.980575
0.0037947	0.951563	0.307431
-0.655819	0.716312	0.238325
0.56808	0.814005	-0.121165
0.364063	0.919195	0.15013
-0.836551	0.547127	0.0288891
-0.780567	0.201641	0.591655
-0.323007	0.888387	0.326244
0.205716	-0.298642	-0.93193
0.0753039	-0.123671	-0.989462
0.109498	0.898988	-0.424065
-0.571938	0.108375	-0.813106
0.247718	0.63953	-0.727761
0.695401	0.192183	-0.692447
0.064778	-0.826145	-0.559721
0.25598	-0.683443	-0.683652
-0.123923	0.407288	-0.904854
0.444853	0.891853	0.0818847
-0.522728	0.399387	-0.753158
-0.598158	0.777919	-0.19248
-0.337149	0.934686	0.112662
-0.102688	0.686965	0.719399
-0.44334	0.284952	0.849854
-0.710572	0.692382	-0.125276
-0.905117	0.379005	-0.19266
-0.748448	0.599476	-0.283645
-0.371886	0.374023	0.849593
-0.731462	0.670811	-0.122376
0.142106	0.652129	0.74467
-0.834076	0.318617	0.450333
-0.4048	0.172788	-0.897932
-0.385321	0.917269	-0.100721
-0.344456	0.593079	-0.727741
0.180274	0.899551	0.397881
-0.137551	0.6461	-0.750756
-0.749693	0.661756	0.00629792
0.208616	0.448873	-0.868903
0.806631	-0.00337381	0.591046
-0.174337	0.150012	-0.973192
-0.438109	0.576232	0.68994
-0.353066	-0.101655	-0.930059
0.631083	-0.308807	0.711598
-0.741021	-0.532768	-0.408713
-0.43946	0.50561	0.742451
-0.587876	0.266299	0.763863
-0.565898	0.409449	0.715619
-0.917839	-0.348465	0.190115
-0.24226	0.253511	0.936505
-0.268072	0.887567	0.374649
-0.31598	0.935835	-0.156111
-0.680426	0.709831	0.1821
0.165607	0.607222	0.777082
-0.324407	0.86488	-0.383071
-0.796955	0.565891	0.211258
-0.710963	0.703229	0.00113888
-0.385375	0.754717	-0.530932
0.090209	0.822024	0.562262
-0.782853	0.607137	-0.13611
-0.387104	0.856189	0.342186
-0.125646	0.873492	-0.470346
0.282642	-0.490337	-0.824429
0.383764	0.89943	0.209168
0.646514	0.0990114	-0.75645
-0.411559	0.827341	0.382265
-0.657454	0.11068	0.745321
-0.375327	0.427298	-0.822524
0.204966	0.857585	-0.471738
-0.581906	-0.477883	0.658038
-0.936526	0.310896	0.162056
0.349156	0.0617831	0.935026
0.00404113	-0.0238347	-0.999708
0.633771	0.762435	-0.130487
-0.253974	0.653509	0.713038
-0.646105	0.632442	-0.427277
-0.134965	0.972389	-0.190378
-0.368363	0.201694	0.90754
-0.419221	0.225584	0.879412
-0.503389	0.0048631	0.864046
-0.85285	0.218807	0.474099
-0.969236	-0.193303	0.152366
-0.371219	0.891674	0.259062
-0.683255	-0.726183	0.0762983
-0.164185	-0.710671	0.684098
0.490652	0.0373681	0.870554
-0.577849	0.785343	-0.222095
0.0594782	0.897279	-0.437439
-0.55992	0.824629	0.0804784
-0.0121166	0.0467739	0.998832
-0.216301	0.590237	0.777711
-0.434072	0.256195	0.863681
-0.988187	0.145306	-0.0487082
-0.0356992	0.999113	0.0223323
0.369879	0.209328	0.905191
-0.821627	0.540502	0.181071
-0.251435	-0.92737	-0.277066
-0.650529	0.758943	0.0285905
-0.581225	-0.211505	0.785775
0.921069	-0.340596	-0.188748
-0.814075	0.422267	0.398714
0.734574	0.447264	0.51025
-0.848438	-0.50892	-0.145441
0.36402	0.20274	0.909058
0.15893	0.500185	0.851209
-0.752885	-0.654368	-0.0704835
-0.127394	-0.678187	0.723763
-0.829226	-0.376798	0.412804
-0.754419	-0.419669	0.504709
-0.65694	-0.749302	0.0835201
-0.701282	0.709696	0.0673407
-0.112146	0.603382	0.789527
-0.851709	0.518841	0.0734562
-0.22047	0.454051	0.863267
-0.49706	0.758371	0.421669
-0.728356	0.632708	-0.263016
-0.584221	-0.057988	0.80952
-0.773147	0.630678	0.0669914
-0.0189008	0.218861	0.975573
-0.417896	0.908451	-0.00887747
-0.422203	0.905478	-0.0430691
-0.0464045	0.662299	0.747801
-0.121923	0.722608	0.680421
-0.892542	-0.151896	0.424613
-0.136845	0.711534	0.689197
0.386839	-0.077078	0.91892
0.466045	0.80167	0.374336
0.789325	-0.342384	0.509646
0.87873	0.311996	0.361237
0.909737	-0.367621	-0.192961
0.141244	0.562119	0.814906
-0.705608	0.139067	0.694822
-0.423462	0.00402597	0.905905
-0.715906	0.697889	-0.020723
-0.281798	-0.109998	0.953148
0.731968	-0.335307	-0.59312
-0.598753	-0.737121	-0.313285
-0.0192976	-0.267476	0.963371
-0.309264	0.861819	0.402025
-0.822603	-0.416057	0.387582
-0.917221	-0.0143163	0.398121
-0.930343	-0.348197	-0.114985
-0.803193	0.549125	0.230958
-0.837432	-0.503685	0.212153
0.0273073	-0.255353	0.966462
-0.05002	0.135561	0.989506
0.525264	0.434882	0.73142
0.669695	0.726245	0.155166
0.4569	-0.0367129	0.88876
0.209354	0.606057	0.767376
0.312059	0.514464	0.798716
-0.196762	0.706732	0.679569
0.951394	0.0315715	0.306354
0.410538	0.910058	-0.0570424
-0.387069	0.917235	-0.0941107
0.743259	0.23028	0.628122
0.0546074	-0.926215	0.373021
0.128412	-0.879214	0.458796
-0.258604	-0.965974	-0.00419423
-0.0333004	-0.90215	0.430136
-0.953862	0.0119183	-0.30001
0.707198	-0.706883	-0.0137042
0.595244	0.657343	0.462153
0.736903	-0.194918	0.647287
0.277174	-0.00732954	0.960792
-0.152265	0.182233	0.971394
-0.199283	0.297607	0.933658
-0.835266	0.402472	0.37463
0.707403	0.087922	0.701321
0.598454	-0.0882597	0.796281
-0.0422007	-0.000987788	0.999109
0.893153	-0.0503603	0.446925
0.0871314	0.782674	0.616303
0.620744	-0.324791	0.713574
0.438452	0.00417153	-0.898745
-0.171696	-0.294045	0.940244
-0.834116	-0.370582	0.408557
-0.699946	0.305857	0.645389
-0.796115	-0.263952	0.544545
-0.019578	-0.219233	0.975476
0.149273	-0.253045	0.955869
-0.434669	-0.662302	0.610261
-0.963707	-0.266148	0.0208312
-0.747961	-0.0423047	0.662393
-0.77934	0.163698	0.604841
0.501353	0.206656	0.840201
0.0416484	0.248817	0.967655
-0.948763	-0.309474	0.0638287
-0.85888	0.42423	-0.286975
-0.95909	0.275306	0.0659804
-0.160439	0.912737	0.375727
-0.403332	0.0609744	0.91302
-0.479004	-0.323566	0.816002
-0.274641	0.0159023	0.961415
0.0829158	-0.0014675	0.996555
0.254936	0.68766	0.679803
-0.0566755	0.980046	0.19052
0.075019	-0.420757	0.904066
0.694976	-0.218087	0.685162
-0.333685	0.934227	0.125991
0.317843	0.946189	-0.0608486
0.814566	0.54506	0.198473
0.986052	0.165167	-0.020542
-0.325581	-0.860843	-0.391084
-0.703088	-0.162101	0.69238
-0.779611	-0.539406	-0.318193
-0.133985	0.990951	0.00797983
0.797304	0.59599	-0.0954019
-0.906098	-0.200342	0.372624
0.133019	0.955253	0.264193
-0.512336	-0.491737	0.704064
-0.341032	-0.569751	0.747717
-0.515353	-0.750296	0.414087
-0.836558	-0.514415	0.188544
-0.032263	-0.170096	0.984899
-0.619954	0.00417709	0.784627
0.826422	0.15382	0.541632
-0.159171	0.612364	0.774387
0.0467264	0.351929	0.93486
0.614751	-0.715849	0.331121
-0.86004	0.459153	-0.222509
-0.772188	-0.548588	-0.320588
-0.505476	0.389036	-0.770159
0.441882	-0.814416	-0.376121
-0.609715	-0.379009	-0.696132
-0.330479	-0.819243	0.468641
0.054932	-0.182979	-0.981581
-0.686141	-0.652172	-0.322308
-0.744456	-0.563841	-0.357587
-0.955132	-0.193173	0.224516
-0.772181	-0.548572	-0.320631
-0.79365	-0.600323	-0.0986532
-0.635013	-0.182617	-0.750606
0.298923	-0.830215	-0.470519
-0.222955	0.00639991	-0.974808
-0.723929	0.120029	-0.679352
-0.268298	-0.0576495	-0.961609
-0.0549543	0.599687	-0.798346
-0.918704	0.194539	-0.343712
-0.703787	-0.555562	-0.442759
-0.91446	0.0506917	0.401489
-0.381538	0.240485	-0.892522
-0.616388	0.747272	0.248295
-0.250323	-0.96815	-0.00486583
-0.858122	0.498023	0.124898
-0.32263	-0.0306859	0.946027
0.370113	0.0466577	0.927814
0.243175	-0.442423	0.863208
-0.394894	-0.276642	0.876087
-0.946178	-0.31189	0.0864391
0.422996	-0.839905	0.340051
0.167811	-0.548874	0.818888
0.169327	-0.787084	0.59315
-0.4072	-0.899444	-0.158707
-0.881834	-0.438493	0.173471
-0.525713	-0.560059	0.640281
-0.621732	-0.745781	0.23929
-0.304549	-0.546737	-0.779954
0.107998	0.655081	-0.7478
0.0226405	-0.984549	0.17364
0.216178	-0.957817	0.189349
0.163646	-0.867188	-0.470324
-0.177366	-0.964591	0.195207
0.308931	-0.64971	0.694578
-0.153077	-0.944819	-0.289627
-0.481548	0.541473	-0.689144
0.345733	0.87832	-0.330186
-0.77589	-0.623253	-0.0977255
-0.399779	-0.323486	-0.857632
-0.839539	-0.0783713	0.537617
-0.191376	-0.136287	0.972009
0.374283	-0.593434	-0.712565
-0.883177	-0.468256	-0.0270922
-0.859755	-0.12605	0.494907
0.0384531	0.346145	0.937393
-0.341115	0.15134	0.927759
0.233378	0.484857	0.842881
0.625885	-0.699939	0.344025
0.828703	0.243749	-0.503822
0.00329878	-0.961574	0.274524
0.725239	-0.688428	0.0097602
-0.986145	-0.15961	0.0451863
0.675116	0.0590983	-0.735341
-0.981559	0.18377	-0.052644
0.442726	-0.836484	-0.322937
-0.994915	-0.0982274	-0.0222754
-0.266174	-0.4331	-0.861148
-0.831679	0.424849	0.357509
-0.0361885	0.0142985	-0.999243
-0.921023	0.0260503	-0.388636
-0.526241	-0.786404	0.32348
-0.846367	0.0320711	-0.531633
-0.909142	-0.407076	-0.0880328
-0.492565	-0.361239	-0.791761
-0.896139	-0.136603	-0.422225
-0.288342	0.199766	-0.936457
0.118946	0.968715	0.217816
-0.0275826	-0.44664	-0.894288
-0.989283	-0.0760745	-0.124628
-0.868262	0.0123212	-0.495952
-0.839951	0.503048	-0.203531
-0.919336	-0.337084	0.202966
-0.92088	0.262966	0.287801
-0.999798	-0.0129646	-0.0153618
-0.953152	0.23199	-0.194118
-0.970851	0.114474	0.210579
-0.864678	0.490691	-0.107494
-0.521524	0.666358	0.532898
0.60919	0.42665	-0.668474
-0.376803	0.925967	0.0245927
-0.599931	0.72191	0.34486
0.0379226	0.917024	-0.397024
0.742632	0.414133	-0.5263
0.0383578	0.977995	0.205073
-0.325891	0.883144	0.337418
-0.76373	0.584979	0.272976
-0.181476	-0.969027	-0.167489
0.126956	0.990089	-0.0600538
-0.11185	-0.962375	0.247636
0.250065	0.828064	-0.501775
-0.354907	0.934596	0.0238997
-0.676492	-0.266065	-0.686708
-0.44304	0.739123	-0.507359
-0.928773	-0.370379	-0.0141354
-0.399056	0.845276	-0.355334
-0.45694	-0.847195	-0.271048
-0.300631	-0.619814	-0.72488
-0.792972	-0.438099	-0.423397
-0.10766	-0.925938	-0.362006
-0.173548	-0.954309	0.243258
0.00202014	0.0543616	-0.998519
-0.926261	-0.0277562	-0.375858
-0.530077	-0.0803959	-0.84413
-0.76146	-0.639671	-0.104881
-0.432351	0.711353	-0.554121
-0.981525	-0.055633	0.183068
-0.409596	0.283955	-0.866949
0.671254	0.498096	-0.548925
-0.826631	0.303669	0.473779
-0.514573	-0.126522	0.848061
0.878243	0.121775	-0.46245
-0.19946	-0.940088	-0.276498
0.479885	0.238747	-0.844222
-0.535157	-0.445133	0.717958
0.0849548	0.0933299	-0.992004
-0.42136	0.619242	-0.662567
-0.373803	-0.0681284	-0.925002
-0.52838	-0.843695	-0.094835
-0.867328	0.455633	-0.20035
-0.196158	-0.946187	0.257394
-0.808015	-0.384017	-0.446814
0.118626	-0.914509	0.386784
-0.288189	-0.82591	-0.484582
-0.988452	-0.0721128	0.133279
-0.976334	0.209256	-0.0546254
0.272153	-0.62287	-0.733462
-0.178437	0.546092	-0.818501
0.589313	0.734722	-0.335996
0.752936	-0.518485	0.405291
0.0281855	0.133052	0.990708
-0.610121	-0.500365	0.614319
0.399817	0.128469	0.907547
0.590092	-0.142802	0.794606
0.96281	-0.263797	0.0583824
0.709522	-0.0153072	0.704517
0.179507	-0.00188719	0.983755
-0.0169682	-0.889952	-0.455739
0.420494	-0.89508	0.148377
0.0406969	-0.998637	0.0326661
-0.0683665	-0.531199	0.844484
-0.865564	-0.482963	-0.132461
-0.643955	-0.764726	-0.0227268
-0.200716	-0.945177	0.257592
-0.843044	0.0844115	0.531179
-0.302527	-0.691942	-0.655511
-0.658032	-0.544263	0.520358
-0.442706	-0.893758	0.0721676
-0.996535	-0.0825227	0.0103836
-0.948247	-0.192544	-0.252497
-0.469546	0.0812062	-0.879165
0.720989	0.498836	-0.480976
0.107245	0.917605	0.382753
-0.0633762	0.936896	-0.343815
-0.239071	0.548425	0.801296
0.575899	0.618581	0.534508
-0.853751	0.434588	0.286778
-0.278202	0.743545	0.608066
0.0175326	-0.114937	0.993218
0.888534	-0.0196219	0.45839
-0.343097	-0.327274	0.880441
-0.966963	-0.0694502	-0.245275
-0.3743	0.92581	-0.05268
-0.55999	0.643867	0.521389
-0.724866	0.686653	0.0554704
-0.952672	-0.00988138	0.303839
-0.599752	0.701241	0.385433
-0.27557	0.710712	0.647263
0.743258	0.58504	-0.324493
-0.995637	0.0271416	0.0892745
-0.641512	-0.19016	0.74317
-0.858709	-0.316867	0.402758
-0.190361	-0.0770322	0.978687
0.291122	-0.4624	0.837517
-0.284764	-0.937537	-0.199835
0.124323	-0.983306	-0.132863
-0.345079	-0.818589	-0.459166
-0.892088	-0.441245	0.0973772
-0.890858	-0.417645	0.178729
-0.83851	-0.52946	-0.128736
-0.930926	-0.00156382	0.365205
-0.558582	0.812731	0.165695
-0.208686	0.573759	-0.791991
-0.95777	0.0940372	-0.271722
0.384489	0.412011	0.826084
-0.950778	0.264471	-0.161481
-0.469534	0.667328	0.57811
-0.0480903	0.410622	-0.910537
0.0731404	0.309957	-0.947933
-0.243094	0.524535	0.815946
0.656056	-0.105516	0.7473
-0.816238	0.438265	0.376404
-0.214578	0.797249	0.564225
-0.348425	0.0829606	0.933658
-0.747768	0.663681	-0.0192215
-0.695479	-0.411091	0.589333
-0.832134	0.355893	0.425315
-0.640026	0.0991401	0.761931
-0.927149	0.0501373	0.371324
-0.448386	-0.231009	-0.863472
0.595504	-0.797887	0.0935425
-0.520388	-0.292781	-0.802169
-0.344902	-0.806569	-0.480093
-0.864734	-0.383962	-0.323741
-0.671994	-0.631109	0.38746
0.8615	-0.50156	-0.0790856
0.653529	-0.426817	0.625082
0.657716	0.414978	0.628652
-0.250743	0.348411	0.903182
0.996354	-0.0619484	0.0586606
0.527424	-0.101567	0.84351
0.660141	-0.186437	0.727637
0.089485	0.265291	0.960007
-0.226045	-0.830011	0.509887
0.763116	0.033511	0.645392
0.464116	0.0417226	0.884791
-0.401789	-0.242254	0.883107
-0.899959	-0.430743	0.0673394
-0.296359	0.259951	0.919019
-0.892012	-0.354743	0.280129
0.0287115	-0.20435	0.978477
-0.913277	-0.276837	0.298807
-0.57122	0.339733	0.747187
-0.535029	-0.0818605	0.840858
-0.0232354	0.76513	0.643456
0.661672	-0.691287	0.290367
-0.525371	0.727905	0.440613
0.458222	0.808253	0.369811
-0.0811268	0.399844	0.912986
0.623872	-0.137732	0.769294
0.0927037	0.591587	0.800893
0.926712	0.0254495	0.37491
-0.759671	0.123256	0.638521
-0.476414	-0.0576384	0.87733
-0.0469406	-0.555087	0.830467
0.247078	-0.304235	0.919997
0.449795	-0.000256577	0.893132
-0.038709	-0.0438452	0.998288
-0.371166	-0.382993	0.845903
0.377602	0.136618	0.915834
-0.793608	0.6045	0.0690429
-0.282923	-0.0736655	0.95631
0.407625	0.698682	0.58795
-0.606631	-0.0315219	0.794359
-0.441773	-0.266161	-0.856735
0.734721	0.677659	-0.0310324
-0.593657	0.581559	0.556202
-0.878508	0.0566017	0.474362
-0.327627	0.395378	0.858101
-0.665734	0.487298	0.565101
-0.534073	-0.111069	0.838111
0.903018	0.0569309	-0.425813
0.856951	0.292029	0.424682
-0.623054	0.454184	0.636805
-0.881482	-0.39364	0.260839
0.00244417	-0.422587	0.906319
-0.334276	0.0434909	0.941471
-0.116986	-0.876986	0.466058
0.193236	0.172854	0.965806
-0.920627	0.145635	0.362267
0.478362	0.668933	0.568944
0.733881	-0.546588	-0.403311
0.798293	-0.464274	0.383638
0.50035	-0.862393	0.0770024
0.363585	0.807243	0.464936
0.311321	0.491401	0.81339
0.863247	-0.0898991	0.496713
0.952865	0.282075	0.111721
0.99961	-0.0102047	-0.02598
0.328999	0.873747	0.358227
0.755475	-0.571799	0.31985
0.920918	0.0229944	0.389078
0.947997	-0.0825716	0.307382
-0.756963	0.233784	0.610206
0.615102	-0.164609	0.771073
0.840979	0.0148455	0.540865
0.0925446	-0.931681	0.351291
0.566673	0.511095	0.646268
0.336786	-0.533902	0.77558
-0.150145	-0.0304604	0.988195
0.861512	-0.5076	-0.0118061
0.188195	0.433187	0.881437
0.838854	0.045401	0.542461
-0.119239	-0.730374	0.672559
0.237023	0.0296666	0.971051
-0.420664	0.534337	0.733161
0.34544	0.714944	0.607886
0.806327	0.546335	-0.226616
0.339356	0.793577	0.505048
0.0150048	0.596136	0.802743
0.158842	0.906273	0.391711
0.967176	0.253805	-0.0124208
0.00750579	0.418261	-0.908296
0.490654	-0.732284	-0.472247
0.902171	-0.342598	-0.262134
0.799426	-0.561131	0.214594
0.633804	-0.605368	-0.481479
0.117033	-0.957511	-0.263584
0.403142	-0.624813	-0.668644
-0.292623	-0.894015	-0.339276
0.187464	-0.969972	-0.154957
-0.984674	-0.0876009	-0.150809
-0.281819	-0.483274	0.828869
-0.294546	-0.737487	-0.607746
0.559434	-0.641337	0.525091
0.574423	0.0135187	0.818447
-0.309278	0.137756	0.940941
-0.887906	-0.248862	-0.386899
-0.00713001	0.289515	0.957147
-0.22486	-0.405572	0.885974
-0.115752	-0.308225	0.944245
0.236342	0.175519	0.955686
-0.181758	0.97355	-0.138433
-0.796367	0.120063	0.592776
0.851388	-0.37444	-0.367333
0.735569	-0.0174902	-0.677225
-0.954701	-0.293368	-0.0498223
0.724013	-0.428477	-0.540567
-0.162007	0.89029	-0.425603
0.549372	-0.835577	-0.000516452
-0.574832	-0.814639	0.0770131
-0.677632	-0.286379	0.67735
-0.522687	-0.47928	0.705045
-0.575717	0.554476	0.600921
-0.828689	0.400724	0.390762
-0.849397	0.432169	-0.30291
-0.516851	0.717244	-0.467361
0.469201	-0.869359	0.155127
0.201955	-0.979386	0.00407521
0.791966	-0.512479	0.331896
-0.208195	-0.972228	-0.106902
-0.326977	0.132621	0.93568
-0.72324	-0.316354	0.613876
-0.161332	0.288709	0.943726
-0.186754	0.969885	0.156354
-0.564707	0.791125	0.235005
-0.730768	0.682074	0.0274301
0.0382731	-0.07177	0.996687
-0.429473	-0.495841	0.754781
-0.416114	-0.52066	0.745495
-0.647938	-0.70807	-0.280736
-0.852209	0.453003	-0.261778
-0.905048	-0.018305	0.424915
-0.679131	-0.646633	-0.347341
0.211613	-0.939243	0.270264
-0.467167	-0.864244	-0.186648
0.365786	-0.86374	-0.346633
0.529571	-0.765067	0.366371
0.10629	0.144329	-0.983805
0.0537707	0.6133	0.788017
-0.770468	0.342528	-0.537637
0.149698	0.870958	0.467998
-0.783006	-0.0123774	-0.621891
-0.470651	0.833063	0.290677
-0.58344	0.425204	-0.691954
-0.869506	0.480831	0.112966
-0.355162	0.552595	-0.753988
-0.44403	-0.352977	0.823556
-0.741892	0.652891	0.152741
-0.365171	0.738608	0.566664
-0.23612	-0.322308	-0.916714
0.478378	-0.558431	0.677724
0.318776	0.233727	-0.918561
-0.966797	-0.230173	-0.111013
-0.891781	0.397998	-0.215231
-0.447478	0.431679	-0.78321
0.445231	-0.307909	-0.84081
-0.893076	-0.413304	-0.177748
0.429878	-0.860141	-0.274522
-0.542114	-0.636265	-0.548889
0.440161	-0.338905	-0.831506
-0.215365	-0.861789	0.45928
0.197666	-0.77341	-0.6023
-0.460314	-0.811455	-0.360072
0.614987	-0.734874	-0.285921
-0.25638	-0.959191	0.119257
0.200717	-0.15833	-0.96677
0.809982	-0.405734	-0.423449
0.196196	-0.949222	0.245937
0.230871	-0.756146	0.612325
0.51604	-0.801514	-0.302121
0.608425	-0.792929	0.0328921
-0.344008	-0.279993	0.896249
-0.492072	-0.700742	0.516552
-0.746569	-0.387341	0.540926
-0.315726	0.695308	0.64565
-0.682382	0.7115	-0.167698
0.172822	-0.720773	0.671282
0.502655	-0.676193	0.53861
-0.478557	-0.0851582	0.873917
-0.626963	0.650081	-0.429316
0.498144	0.0081958	0.867056
0.902798	-0.429958	-0.00959774
0.851168	-0.51574	-0.0975996
-0.694164	0.194564	-0.693023
-0.810138	0.368473	-0.455965
-0.560044	0.479021	-0.675936
-0.812103	0.343204	-0.471911
-0.278474	0.0564331	-0.958785
-0.241882	-0.646321	-0.723715
0.894351	0.250508	-0.370651
0.271818	-0.644404	-0.714744
0.520403	-0.413777	-0.746974
-0.152359	-0.839179	-0.522078
-0.0812599	-0.994449	-0.0668388
-0.173331	-0.720297	0.671661
-0.579403	-0.745882	0.32856
0.46765	0.199677	0.861065
-0.379158	-0.423439	0.822762
-0.367593	-0.118719	0.922378
-0.792448	-0.581374	-0.184473
0.252681	0.887716	-0.384855
-0.0450854	0.994262	0.0970032
0.0233739	0.997782	-0.0623342
-0.616919	0.690116	-0.378353
0.289703	0.955847	-0.0492769
-0.688096	-0.0169602	-0.725421
0.919634	0.144087	-0.365393
0.0319323	0.348058	-0.936929
-0.486556	0.860315	-0.152055
-0.817749	0.299674	-0.491409
-0.875348	-0.020549	-0.483057
-0.201895	-0.0618461	0.977452
0.42582	0.87964	0.211924
0.633547	0.645695	0.426259
0.865496	0.155584	0.476141
-0.30306	0.858129	0.414451
0.652677	0.328136	0.682891
0.840128	0.294871	0.455232
-0.692379	0.656802	-0.298701
0.0297439	0.170971	-0.984827
-0.958345	0.27458	-0.0786225
0.270738	0.881685	0.386435
-0.595038	0.734553	-0.32613
-0.952917	0.29825	-0.0547385
-0.980948	0.0486333	0.188084
-0.972056	0.142794	-0.186325
-0.991293	0.0238358	-0.129499
-0.966503	0.256549	-0.00737762
-0.946595	0.32038	0.0362491
-0.0766131	0.864797	-0.496243
-0.904696	0.384791	-0.182923
-0.345227	0.20218	-0.916483
-0.723103	-0.310468	-0.617034
-0.834051	-0.290445	-0.469043
-0.250276	0.202703	0.946717
-0.905409	-0.0784646	0.417226
0.311766	0.949984	0.0182434
-0.974278	0.172597	-0.144892
-0.597183	-0.151607	0.787647
-0.561023	-0.39591	0.726986
-0.725514	-0.200906	0.65823
-0.366849	-0.100852	0.924797
-0.718263	-0.0794823	-0.691217
0.672869	0.052814	-0.737874
0.984588	0.166728	0.0527986
-0.00560008	-0.285547	-0.958348
0.17737	-0.759848	-0.625437
-0.254746	0.641464	0.723622
0.671511	0.112996	0.732329
0.122081	0.808707	0.575404
0.901185	-0.22777	0.368764
0.474612	0.0936758	0.875196
0.442522	0.896524	-0.0204853
-0.563033	0.82142	0.090904
-0.426795	-0.438982	-0.790659
0.942842	-0.286541	-0.170127
-0.498652	0.0178474	0.866618
-0.515899	-0.124384	0.847571
-0.557429	-0.446766	0.699766
-0.343489	0.497509	0.796555
0.273342	0.340775	0.899531
-0.117953	-0.212572	0.97
0.639509	0.0106169	0.76871
0.0436095	-0.217108	-0.975173
0.870494	-0.480916	-0.104691
0.714955	0.375246	-0.589941
0.727546	0.476808	-0.493286
-0.316873	-0.506651	-0.801808
0.336899	-0.811162	-0.478033
0.175607	-0.222953	-0.958882
0.26052	-0.867085	-0.424609
-0.315504	-0.813517	-0.488515
-0.0874853	-0.222091	-0.971093
-0.949614	-0.249384	-0.189842
-0.214726	-0.311486	-0.925672
-0.305406	-0.691498	-0.654643
0.106215	-0.76595	-0.634066
-0.37656	-0.545081	-0.749059
-0.329271	-0.332827	-0.883633
0.0293937	-0.993784	-0.107374
-0.582323	-0.804861	0.114446
-0.572732	-0.798287	0.18632
-0.38679	-0.156289	0.908827
0.453622	-0.366014	0.812564
-0.0711356	0.830102	0.553055
0.590137	0.194939	-0.783414
0.271967	0.240031	-0.93189
-0.503452	0.412006	-0.759465
0.311786	0.0588045	-0.948331
-0.353339	-0.922653	0.154479
-0.69827	-0.0765113	0.711734
-0.780274	-0.601381	0.171795
-0.560947	-0.775356	0.290106
-0.29773	-0.950826	0.0853674
-0.211487	-0.899767	-0.381698
-0.358073	-0.905582	-0.227389
-0.561214	-0.0435143	-0.826526
0.643527	-0.707348	0.292459
0.120571	-0.986441	-0.111343
0.296929	0.750266	-0.590707
0.460688	0.161911	0.872669
0.412737	0.560826	0.71772
-0.408981	0.772232	0.486202
0.565648	0.167723	0.80741
0.519629	0.216229	-0.826577
0.514899	0.282649	-0.809314
0.0680846	0.14798	-0.986644
0.600915	0.349471	-0.718868
-0.0680862	0.0798161	-0.994482
0.740641	-0.495755	-0.453517
-0.138401	-0.984553	-0.107239
-0.753267	-0.657626	-0.0107785
0.332421	-0.513885	0.790834
-0.852174	-0.487878	0.18914
0.0899026	0.99551	0.0296107
0.232302	0.315019	0.920217
-0.198949	0.699011	-0.686879
-0.0508783	0.939771	0.337996
-0.827404	-0.540478	0.152597
-0.475508	0.727091	-0.495208
-0.350684	-0.891905	0.285528
-0.855921	-0.433029	0.282641
-0.624244	0.181916	0.759754
-0.847529	0.230985	0.47785
-0.0791035	0.849323	-0.521913
0.347626	0.758972	-0.550561
-0.559803	-0.821547	0.108075
0.892103	-0.222595	0.393197
-0.947678	-0.173798	-0.267769
0.550846	0.579409	0.600711
0.529898	0.787044	-0.315863
0.229071	0.786216	0.573925
-0.738497	0.64494	-0.19666
0.81314	0.562826	-0.148428
0.846864	0.275216	0.455057
0.670539	0.536644	0.512241
-0.605925	0.738363	-0.296099
0.457948	0.349078	-0.817575
-0.979206	0.199474	0.0369482
0.0430572	0.992221	0.116809
0.138053	0.458946	-0.877673
0.88679	-0.0788038	-0.455404
-0.577062	-0.789931	0.207387
0.71722	-0.0153714	0.696677
-0.404563	0.914328	0.0182525
0.873765	0.372074	-0.313201
0.415483	-0.522654	-0.744451
-0.970732	0.214676	0.107674
0.0667153	0.955268	0.288119
0.389661	0.384752	0.836738
-0.114395	0.95366	-0.278291
0.937153	0.289019	0.195481
0.345366	0.610954	0.712361
0.134191	-0.595301	0.792218
-0.724833	0.528219	-0.44227
-0.669411	0.268162	0.692805
-0.488205	-0.516618	-0.703393
-0.276358	0.035564	0.960396
-0.90905	0.0549425	-0.413048
-0.709362	-0.348529	0.612644
-0.943463	-0.240689	-0.227918
-0.820844	-0.0394564	-0.569788
-0.720024	-0.0547562	0.691786
0.592149	-0.527636	0.609065
0.776938	-0.5349	-0.332039
0.675833	-0.728204	0.113879
0.964584	0.207914	0.162328
0.725334	0.576481	-0.376245
0.726368	0.637948	0.255757
-0.0636375	0.69278	-0.718335
-0.374622	0.901484	0.21676
0.0242634	0.829939	-0.557326
0.0345582	0.991934	0.121954
0.0925871	0.975004	0.201976
-0.450576	0.549384	0.703675
-0.666537	-0.106542	0.73782
0.158966	-0.769777	0.618201
-0.237157	-0.122048	0.963774
-0.367822	0.728282	0.578197
-0.731637	0.422215	0.535203
0.0842247	0.996219	0.0212949
-0.244789	0.941944	-0.229826
-0.244127	-0.822046	-0.514434
-0.447036	-0.0569057	0.892704
-0.184394	0.975521	-0.119822
-0.90674	-0.142296	-0.396955
0.657785	-0.267786	0.703995
-0.236975	0.970302	0.0485481
-0.558485	-0.703474	0.439567
-0.245949	-0.71673	0.652539
0.842272	-0.466525	0.270059
-0.769987	0.411393	0.487725
-0.472372	0.680464	-0.560209
0.71908	0.667648	-0.192795
-0.706407	0.67131	-0.224348
0.432231	0.758062	0.488383
0.660526	0.735069	-0.152899
-0.0479128	0.590095	0.805911
0.425923	0.482387	0.765436
0.902838	0.425904	-0.0590797
0.963613	0.207781	0.16816
0.0608219	0.979747	0.190777
0.290821	-0.717275	0.633198
-0.591268	0.57832	0.562092
-0.384364	-0.416685	0.823795
-0.373111	0.896206	0.240005
0.266679	-0.176607	0.947466
0.490502	0.471516	-0.732857
-0.124384	-0.984498	0.123661
-0.720471	0.0358152	-0.69256
0.408318	-0.699234	0.586812
-0.997188	-0.0602124	0.0446137
-0.596719	-0.782221	-0.179044
-0.496735	0.435906	-0.750494
0.199004	-0.148224	0.968725
-0.723534	0.665374	0.183783
-0.381951	0.921516	0.0701506
-0.48941	0.846211	-0.210723
-0.225339	0.819997	0.526143
0.388558	0.845381	-0.366544
-0.666196	0.614062	-0.423215
-0.488123	-0.143127	0.860959
-0.411312	0.733786	0.540722
0.72426	0.179325	0.665801
-0.586231	0.353707	0.728852
-0.664395	0.0194258	0.747129
-0.293765	0.231851	-0.927333
0.813316	0.439403	-0.381368
0.303213	-0.445027	-0.842623
-0.517649	0.286666	0.80614
-0.0629337	0.579322	-0.812666
0.600915	0.721257	0.344515
-0.0775446	0.996344	0.0358405
-0.498012	0.43348	-0.751052
-0.179993	0.764464	0.61903
0.771757	0.635601	0.0200737
0.383756	0.920345	-0.0754694
0.842631	0.0967921	-0.529722
-0.00760994	0.880023	0.474871
0.639901	0.486649	-0.594726
0.191592	0.797696	-0.571816
-0.38576	0.873222	-0.297778
0.965752	0.0490213	0.254794
0.917331	0.0995345	-0.385481
-0.504935	0.585696	-0.634035
0.630517	0.307185	-0.712801
-0.268981	0.482121	-0.833791
0.662477	0.123362	-0.738855
0.465797	0.539835	-0.70115
0.633113	-0.0670857	-0.771147
0.376157	0.554801	-0.742093
0.0232587	-0.439202	-0.898087
0.394158	0.830262	-0.394088
0.790685	-0.0755823	-0.60754
-0.518064	0.188803	-0.834244
-0.437704	0.228679	-0.869552
-0.568709	0.167413	-0.805321
0.167414	0.087154	-0.982027
-0.233584	0.164267	-0.95836
0.162275	-0.817514	-0.552574
-0.527722	0.410385	-0.743703
-0.223959	0.861918	-0.454906
0.670992	0.563727	-0.481644
0.243121	0.9628	-0.117932
0.319861	0.815681	-0.482032
-0.434472	0.803524	-0.40692
0.111125	0.993805	-0.00137133
0.533972	0.832233	-0.149206
0.65771	0.741374	-0.133348
0.807145	0.116456	0.578752
0.926582	0.371554	0.0582502
0.463087	0.798484	0.384675
0.855402	0.513847	0.0651773
0.63805	0.472216	-0.608198
-0.231805	0.947479	0.22034
0.899536	0.405113	-0.163458
0.79473	0.473688	0.379504
0.993763	-0.0602844	0.0938079
0.619358	0.642681	-0.450952
0.863855	-0.342614	-0.369283
0.296619	0.558958	0.774327
0.97157	-0.0108169	-0.236506
0.839292	-0.526955	0.133817
0.970727	0.239529	0.0177408
0.600744	-0.241084	-0.762224
-0.192206	0.546856	-0.814865
0.241153	0.645232	-0.724929
-0.128935	0.896451	0.423971
0.194251	0.542836	-0.817065
0.136237	0.290884	-0.947009
0.117676	-0.986728	-0.111892
-0.628052	0.775283	-0.0669831
-0.70238	0.127068	0.700368
-0.615389	-0.0458658	0.786888
0.522161	-0.162817	0.837161
0.546903	-0.0117438	0.837114
-0.351931	-0.243877	0.903697
0.68832	-0.0235894	-0.725024
0.231546	0.972757	-0.0113856
0.818978	0.419727	-0.391286
0.855057	0.35291	-0.379911
0.36082	0.86083	-0.35886
0.456718	0.576048	-0.677921
0.284715	0.916111	-0.282273
-0.0509949	0.98542	-0.162318
-0.269546	0.350415	-0.89697
0.0194924	0.910941	-0.412075
0.794321	-0.157099	-0.586834
-0.0931151	0.746011	-0.659392
0.393951	0.784788	-0.478446
-0.0121398	0.947974	-0.318118
0.538273	0.686161	-0.489332
-0.0449006	0.856528	-0.514144
0.980479	0.1394	-0.138669
0.3415	0.638391	-0.689807
0.809933	0.556439	-0.185431
-0.0598938	0.772803	-0.631814
0.484286	0.820217	0.304485
-0.397107	0.22824	0.888939
-0.338047	0.871688	-0.354802
-0.208421	0.539514	0.815773
0.85194	-0.466632	0.237597
0.559883	-0.754494	0.342447
-0.173388	-0.695814	0.696979
-0.678919	-0.490914	0.545959
-0.491469	0.83999	0.229944
-0.757172	-0.0659581	0.649876
0.710223	0.244185	-0.66027
0.767172	-0.590035	0.251608
0.482885	0.834075	-0.266723
-0.0209308	-0.0995237	-0.994815
-0.453591	0.673254	-0.583938
-0.292681	0.759474	0.580979
0.0743961	-0.262698	0.962006
-0.156829	-0.927379	0.339664
0.677653	-0.597742	0.428359
-0.776487	-0.494053	-0.391125
0.20439	-0.850989	-0.483779
0.0112465	-0.983749	0.179198
-0.0145492	-0.791603	-0.610863
-0.089883	-0.633752	0.768296
0.0308723	-0.150127	0.988185
-0.799115	-0.170364	0.576534
0.112452	-0.0931728	-0.989279
-0.217533	-0.954272	-0.205046
0.450741	-0.0734146	-0.889631
-0.512783	-0.587369	0.626139
0.276999	0.097212	-0.95594
-0.454761	-0.59743	-0.660507
-0.10873	-0.32027	-0.941066
0.468623	-0.80008	-0.374518
0.941417	-0.316135	-0.117438
0.345637	-0.865284	0.363069
0.481749	-0.668958	-0.56605
0.96083	-0.0160821	0.27667
0.123407	0.336608	-0.933523
0.619986	0.231502	0.749682
0.249324	0.749057	-0.613801
0.803554	0.42853	0.413114
0.731072	0.675674	-0.0948601
-0.296308	-0.0436275	0.954096
0.514778	0.784484	-0.345816
0.209484	0.183909	-0.960361
0.130753	0.507805	-0.851492
0.0852368	0.762824	-0.640963
0.863344	0.379962	-0.332063
-0.669368	0.714594	-0.203229
-0.882066	-0.471097	-0.0051876
-0.765859	-0.641645	-0.041849
-0.969225	-0.0144659	-0.245752
-0.738017	-0.0684135	-0.671305
-0.565595	-0.804505	-0.181311
-0.329617	-0.716098	-0.615269
0.455342	-0.537524	-0.709741
0.131703	-0.803943	-0.57994
-0.802985	-0.584998	0.113983
-0.298279	-0.845308	-0.443264
-0.615912	0.107876	-0.780394
0.715429	0.352464	0.603266
0.195341	-0.979483	-0.0495466
-0.43607	-0.861007	-0.261742
0.801894	-0.521377	-0.291773
0.199547	-0.527038	-0.826082
0.24402	0.969763	-0.00372133
-0.753583	0.552653	0.355933
0.0140915	0.594966	0.803627
0.302149	0.150689	0.941275
-0.155505	-0.573001	0.804666
-0.701814	-0.42179	0.574065
-0.0687018	0.0670844	0.995379
-0.474934	-0.1424	-0.868424
-0.62307	-0.398951	-0.672772
0.368531	-0.705733	-0.605083
-0.389693	-0.320068	0.863537
-0.948057	0.0742126	-0.309322
0.483615	-0.831412	-0.273626
-0.32752	-0.599273	-0.730481
-0.0425301	-0.17153	-0.98426
0.260747	-0.934148	0.243675
-0.622203	-0.730833	-0.280619
0.858527	-0.072569	-0.507608
-0.872135	0.148819	-0.466083
0.707604	-0.482925	-0.51583
-0.830405	0.228536	-0.508133
-0.800078	-0.13531	-0.584437
0.27524	-0.769548	-0.576228
-0.534241	-0.309633	-0.786584
-0.407544	-0.548742	-0.729925
-0.55824	-0.410202	-0.721181
0.185067	-0.331916	-0.924977
-0.582302	-0.720803	-0.375988
-0.294504	0.185518	-0.93747
-0.85613	-0.512823	0.0636719
-0.694041	-0.549209	-0.465486
-0.37169	-0.855031	-0.36162
-0.916368	-0.139522	-0.375237
-0.614242	-0.159509	-0.772829
-0.288186	-0.47664	-0.83052
-0.32495	-0.675033	-0.662373
-0.138675	-0.909155	-0.39269
-0.861201	-0.331124	-0.385603
-0.110648	-0.237077	-0.965169
-0.363694	-0.892005	-0.268428
0.412257	-0.909655	-0.0507159
0.231556	-0.826072	-0.513797
-0.0773508	-0.645894	-0.759498
-0.480654	-0.804361	0.349249
-0.216931	-0.942382	-0.254671
-0.209479	-0.962723	-0.17112
-0.521959	-0.545761	-0.655518
0.18053	-0.256892	-0.949429
0.775379	-0.318464	-0.545314
0.810748	-0.573255	-0.118602
0.999317	-0.0366808	-0.00438597
-0.2477	0.77023	-0.587699
0.000544898	-0.810677	-0.585494
0.243592	-0.408728	0.879548
0.912273	-0.259894	0.316564
0.138068	-0.804015	-0.578358
0.517528	-0.855286	-0.0254945
-0.128917	-0.548538	-0.826128
0.490125	-0.249519	-0.835175
-0.441808	-0.31637	-0.839473
0.105196	-0.326569	-0.939301
-0.977631	-0.0140576	0.209858
-0.52366	-0.0254729	0.851547
-0.604317	0.76318	-0.228818
-0.666081	0.74563	-0.0192772
-0.921434	-0.379326	-0.0840857
0.238862	-0.661516	-0.710874
-0.751918	0.33397	-0.568404
-0.749719	-0.508499	-0.423497
-0.173912	0.506478	-0.844532
-0.566333	0.676313	-0.471028
-0.132124	-0.738302	0.661403
-0.504222	-0.794831	0.337644
-0.0832244	-0.0077404	-0.996501
-0.992308	-0.119896	0.0308306
-0.896912	-0.207944	0.390267
-0.941515	0.325612	-0.0867544
-0.209194	0.11072	-0.971586
0.0456708	0.0445982	-0.997961
-0.0469861	0.674393	-0.736876
-0.233296	-0.903682	-0.35907
-0.669226	-0.551773	-0.497678
0.404522	-0.112511	-0.907581
0.564932	-0.697197	-0.441326
0.409084	-0.208969	-0.888247
0.138961	-0.974633	-0.175442
-0.641582	-0.153912	-0.751455
-0.631811	-0.484829	-0.604777
0.0736982	0.483655	-0.87215
-0.757145	0.487619	-0.434694
0.0344975	0.953617	-0.299038
-0.888838	0.396494	-0.229695
-0.117414	0.763953	-0.6345
-0.862236	-0.107483	-0.494971
-0.936544	0.079709	-0.341368
-0.661021	0.072434	-0.746863
0.535961	-0.230381	0.812201
-0.193349	-0.971784	0.135103
-0.184752	-0.98269	-0.0136572
-0.665356	-0.738836	0.106879
0.101643	-0.795711	0.597087
-0.565859	-0.645893	-0.51247
-0.896644	-0.4348	-0.0835329
-0.273129	-0.709441	-0.649687
-0.854722	-0.0151855	0.518864
-0.219467	-0.969589	0.108308
-0.931315	0.310227	-0.19082
-0.701134	0.0559192	-0.710834
-0.75237	0.00326809	-0.658733
-0.447659	-0.217516	-0.867345
-0.0977544	0.259816	-0.960698
-0.553018	0.112453	-0.825545
-0.844475	0.535258	0.0190124
-0.779012	0.367191	-0.508243
-0.347224	0.0775822	-0.934567
-0.358289	0.690821	-0.628009
-0.909106	0.274217	-0.313579
-0.551546	0.598725	-0.580797
-0.592192	0.203513	-0.779673
-0.442123	0.208972	-0.872271
-0.713585	-0.180804	-0.676836
-0.787774	0.156881	-0.595651
0.499225	-0.603777	-0.621472
-0.149793	-0.929937	-0.335825
0.55741	0.293155	-0.776759
-0.806824	-0.586604	0.0702144
-0.309986	0.869416	0.38474
0.107417	-0.906258	-0.408849
0.13	-0.4043	-0.90534
-0.53209	-0.699932	-0.476419
0.11859	0.735546	0.667015
0.708879	-0.66225	0.242725
0.0268802	-0.745533	-0.665927
0.420238	-0.875723	-0.237716
0.902797	0.229123	0.363951
0.0321866	-0.519555	-0.853831
-0.520617	0.466141	0.715312
0.588032	0.0700702	-0.805797
-0.503388	0.38874	-0.771675
0.457701	-0.884114	-0.0940893
0.583674	-0.80885	0.0713143
-0.483493	-0.792383	-0.371973
-0.488426	-0.666259	0.563507
-0.184885	-0.925178	0.331457
0.0253583	-0.975465	-0.218688
-0.87671	-0.375025	-0.301224
-0.878783	-0.476369	-0.028532
-0.505587	-0.511799	0.694582
-0.287282	0.949744	-0.124322
-0.465984	0.693323	-0.549693
-0.467557	0.856	-0.220576
-0.194093	0.575213	-0.794644
0.834328	-0.326258	-0.444357
0.814069	0.160138	-0.558254
-0.97344	-0.103541	-0.204192
-0.386679	-0.549504	0.740625
-0.99414	-0.106207	-0.0201285
-0.819953	-0.506873	0.266
-0.638654	-0.63643	-0.432525
-0.422338	-0.463688	-0.778861
0.272805	-0.486941	-0.829739
0.384006	0.770083	-0.509423
0.175861	0.967041	0.184132
0.175677	0.768521	-0.615234
0.585245	0.804798	-0.0989342
-0.250419	-0.290805	-0.92343
0.446255	0.789688	0.42101
0.705576	-0.706546	-0.0543608
0.323931	0.0891978	-0.941866
0.797057	-0.358731	-0.48581
0.162255	0.552714	0.817423
-0.365448	-0.917524	0.156833
-0.844336	-0.529705	-0.08068
-0.786693	-0.615493	0.0477756
-0.289394	-0.9118	0.291327
0.864057	-0.13188	-0.485813
-0.34093	-0.940082	-0.00357095
0.648695	-0.452626	-0.611821
0.731	-0.637511	-0.243351
0.102637	-0.136962	-0.985245
-0.00140686	0.589654	-0.807655
-0.591959	0.28128	-0.755292
0.991604	0.0144447	-0.128504
0.00955551	0.860321	0.509663
-0.0224542	0.60604	-0.795117
0.478515	0.874339	-0.0809682
0.827324	0.303439	-0.472716
-0.053828	0.996046	-0.0706791
0.464139	0.881888	-0.0827578
0.835513	0.0601123	-0.546172
-0.385674	0.908959	0.158269
0.221922	0.974364	-0.0369499
0.696388	0.657982	-0.286537
0.924529	0.354583	-0.139706
0.757204	0.324646	-0.566787
0.889753	-0.442519	0.111877
0.50909	0.832625	0.218088
0.294039	0.95504	-0.0379275
0.663144	-0.372418	0.649264
-0.726288	0.290681	0.622904
-0.567314	-0.0140501	0.823382
-0.852486	-0.35731	0.381573
-0.652466	-0.559788	0.510809
-0.907462	-0.0889146	-0.410617
0.0165029	0.89484	-0.446082
-0.612441	0.747516	-0.257169
0.00823327	-0.231225	-0.972866
-0.695951	-0.277525	0.662293
-0.76569	-0.0444574	-0.641672
-0.760618	0.368201	0.534685
0.259456	-0.655505	0.709222
0.472651	-0.74422	-0.471952
0.664509	0.672025	-0.326818
0.402948	0.581928	-0.706394
-0.566329	0.818755	0.0943995
0.170809	-0.298091	0.93913
-0.343094	-0.0257758	0.938947
-0.223588	-0.728432	0.647607
0.876586	-0.0742075	0.475489
0.0350915	-0.897856	0.438889
-0.630029	-0.641007	0.438377
0.233633	-0.966429	-0.106911
-0.159027	0.210025	0.964676
0.422979	-0.165639	0.890872
0.152276	-0.112945	0.981863
0.831127	0.132864	0.539977
0.880832	-0.00541866	0.473399
0.880765	0.376101	0.287753
0.278523	0.00408365	0.960421
0.283765	0.851863	0.440236
0.0380438	0.974055	0.22309
0.965994	-0.192966	0.172105
0.826693	0.367633	0.42594
0.840015	0.334725	-0.427006
-0.38077	-0.433636	0.816685
0.576775	0.787495	-0.217214
0.391491	-0.106715	0.913973
0.75423	0.256082	0.604615
0.979667	0.199004	-0.0254948
0.330233	-0.719537	0.610911
-0.391476	-0.568252	0.723766
0.0454888	0.132424	0.990149
0.35718	-0.108991	0.927655
0.481191	0.252866	0.839353
0.876757	-0.478254	-0.050703
0.446359	-0.703649	0.55285
0.400493	-0.739357	0.541254
-0.781409	0.210507	-0.58744
-0.771481	0.555119	0.310903
-0.411368	0.633741	-0.655094
0.163864	0.958583	0.232954
0.828494	0.479954	-0.288517
0.127697	0.943598	-0.305477
0.764061	-0.121744	0.633553
0.951563	0.303764	-0.0474921
-0.106872	-0.971846	-0.209984
0.467293	-0.0437667	0.883018
-0.834692	0.0738891	0.545738
-0.410013	-0.902382	-0.132648
0.222213	-0.876308	0.42744
-0.427511	-0.886826	0.175424
-0.174448	-0.979182	-0.10378
0.730726	-0.490925	0.474376
0.274968	0.760256	0.588561
-0.0726007	0.706701	0.703778
0.984222	0.138934	0.109567
0.786492	0.472839	0.397308
-0.27826	0.952236	-0.12577
0.297369	0.908037	-0.295027
0.886955	0.375401	0.269042
0.0942904	-0.953469	0.286368
0.0156249	-0.954577	0.297555
-0.243827	-0.955503	-0.166017
0.272984	-0.182134	0.94462
0.249854	-0.823994	0.508534
0.332601	-0.33049	0.883263
0.0697194	-0.0795332	0.994391
0.682799	0.670831	0.289433
0.0671941	0.997618	-0.015592
-0.736508	0.65832	-0.155472
0.020203	0.999184	0.0349837
0.9734	0.0538441	-0.222694
0.683335	-0.73	-0.0123946
-0.381928	-0.050366	0.922819
-0.615599	-0.736859	-0.279421
0.158085	-0.749139	0.643272
-0.374342	-0.631594	0.678938
-0.843146	-0.215027	0.492816
0.806241	-0.383966	0.450051
0.904128	-0.321485	0.281426
0.595703	-0.0862197	0.798564
0.92949	0.207074	0.305236
0.877776	-0.152263	0.45423
0.966036	-0.226103	0.125107
0.662989	-0.465312	0.586456
0.624689	0.754697	0.200489
0.493738	0.290652	0.8196
0.893446	0.267957	0.360491
0.931751	0.102625	0.348293
0.470453	-0.220263	0.854493
0.895858	-0.426465	-0.124765
0.730862	-0.556891	0.394605
0.90262	0.25118	-0.34955
0.530964	-0.58061	0.617227
0.870083	-0.404853	0.281158
0.157008	0.983521	0.0896424
0.994131	-0.0949787	-0.0518008
-0.242795	0.665931	-0.705398
0.911902	-0.410318	-0.00857814
0.87642	-0.0439444	-0.479538
0.257642	-0.925631	-0.277177
-0.288941	0.176932	-0.940855
0.801488	0.527533	-0.281647
-0.051491	0.596356	-0.801067
0.494648	-0.560481	-0.664217
0.690494	0.187802	-0.698533
0.373779	0.756846	-0.536165
-0.76129	-0.0587451	0.645744
-0.398154	-0.368178	0.840189
-0.488481	0.471978	0.73391
-0.105301	0.940333	0.323552
-0.0323102	0.908466	0.416709
0.261067	0.734409	0.626488
0.191129	0.555907	0.808973
-0.428498	-0.295498	0.853856
0.754887	-0.064245	0.652701
0.297489	-0.902559	0.311267
0.534055	0.526581	-0.661437
-0.193954	-0.796233	0.573057
-0.479274	-0.847747	0.227201
-0.43184	-0.678064	0.594763
0.170167	-0.985405	-0.0045929
0.510504	-0.854415	0.0967496
0.0771749	-0.997005	-0.00499614
-0.0803288	-0.967615	0.239307
-0.563106	-0.803742	0.19212
0.729026	-0.476548	0.491348
0.755994	0.56019	0.338615
0.91726	0.379695	0.120274
0.189358	0.544383	-0.817184
0.978406	-0.0200387	-0.205719
-0.941616	-0.037614	0.334582
-0.273394	-0.821769	-0.499951
0.483839	-0.0250638	0.874798
-0.566547	0.285745	0.7729
