2175
0.10187	0.533346	0.839741
-0.783477	0.351933	0.512158
0.42065	0.362103	0.831826
0.34267	0.392521	0.853525
-0.559091	0.828374	0.034835
-0.842482	0.238948	0.482833
0.348734	-0.00878494	0.937181
-0.750354	0.553644	0.361174
-0.0188643	0.662605	0.748731
-0.500815	0.234264	0.83325
0.105491	0.414934	0.903716
-0.966238	0.198454	0.164319
-0.802683	0.456785	0.383468
-0.277945	0.959605	0.0436504
-0.496618	0.0887876	0.863416
-0.844498	0.311046	0.435974
-0.919051	0.379742	0.105554
-0.914644	0.378244	0.142683
-0.996563	-0.0066912	0.0825691
-0.310859	0.926678	-0.211268
-0.364826	-0.692073	-0.622846
-0.917454	0.354254	0.181057
-0.666652	0.608068	0.431078
-0.883934	0.357717	0.301164
-0.423842	-0.103068	-0.899853
-0.940879	0.222071	0.255794
-0.0535042	-0.648315	-0.75949
-0.51059	0.00965696	0.85977
-0.937845	-0.272508	0.214909
-0.715615	0.0188131	-0.698241
0.32029	-0.00667328	-0.947296
-0.63362	0.761012	-0.139232
0.0034649	-0.0885947	-0.996062
-0.789363	0.607441	-0.0890087
-0.662506	0.479627	-0.575364
0.00547877	0.360436	-0.932768
-0.0837816	-0.949335	0.302893
-0.0071115	0.791822	0.610711
0.101467	-0.5361	0.838034
0.5073	0.588131	0.62988
-0.247741	-0.203993	0.947107
-0.0527641	0.507279	0.860165
-0.499014	0.480445	0.72122
-0.374294	0.286318	0.882001
-0.128741	-0.518332	0.845434
-0.100782	-0.069448	0.992482
-0.685768	0.322497	0.65247
-0.531135	-0.00868511	-0.847243
-0.440383	-0.682241	-0.583618
-0.00879212	0.212249	-0.977176
-0.913162	-0.0544205	-0.403948
-0.818819	0.188904	-0.542079
-0.562778	0.300885	-0.769902
-0.202088	-0.633649	-0.746759
0.269924	-0.0209396	-0.962654
0.146899	-0.581499	-0.800174
-0.71478	0.687911	-0.125968
-0.694709	0.424181	-0.580905
-0.969481	0.0827901	-0.230763
-0.327716	0.165479	-0.930171
-0.0163213	-0.252449	-0.967473
-0.993458	-0.0909823	0.069023
-0.966761	0.254688	0.0225081
-0.56052	0.606042	0.564385
-0.891477	-0.286073	0.351327
-0.920883	-0.129807	0.367594
0.803379	-0.139892	-0.578803
0.601973	0.565239	-0.564033
-0.161149	0.224617	0.96103
-0.376112	0.554262	-0.742519
-0.632081	-0.150104	-0.760225
-0.759687	0.350098	-0.548003
-0.460892	-0.83572	-0.298581
-0.360204	0.701095	-0.615402
0.0672663	0.987438	-0.14297
-0.567721	0.329611	-0.754354
-0.733761	0.430858	-0.525315
-0.662371	-0.211645	0.718659
-0.522733	-0.359738	0.772877
-0.300923	-0.0575878	0.951908
0.241513	-0.911651	-0.332513
0.541543	-0.822542	0.173654
-0.659928	-0.749115	-0.0576421
-0.0757397	0.159508	0.984287
0.0787317	-0.352939	0.932328
0.578959	-0.485561	-0.655009
-0.176354	-0.509145	-0.84242
-0.722916	-0.134353	-0.677747
0.808386	0.0933294	-0.581208
-0.416903	-0.5367	-0.733583
0.297133	-0.69181	-0.658112
-0.0208229	-0.619604	-0.784638
0.0937408	0.518075	-0.850183
0.915542	0.0756922	-0.395036
0.593887	-0.128356	-0.794243
0.670448	-0.597582	-0.439767
0.396235	0.909832	0.123304
0.547555	0.0774077	-0.833182
0.555228	0.627615	-0.545731
-0.179685	-0.396949	-0.90008
0.702527	0.709322	-0.0576002
-0.876423	0.269025	0.399385
-0.719148	-0.637513	-0.27641
-0.949519	0.150509	0.275247
-0.610742	-0.769571	-0.186425
0.700026	-0.232132	-0.675336
0.919127	0.375811	-0.118204
0.915603	-0.235284	-0.326057
0.808394	0.169075	-0.563838
0.772143	0.104822	-0.626744
0.476015	-0.735511	-0.482113
0.486262	0.110819	-0.866757
0.590867	0.130251	-0.796185
0.182954	-0.296743	-0.937268
0.871699	-0.043436	-0.488114
0.764821	0.34336	0.545117
0.852818	0.456622	-0.253373
0.73455	0.668924	0.113922
0.828224	0.503043	-0.246969
0.578516	0.81117	-0.0855749
-0.425707	0.895092	0.132608
-0.225807	0.483106	0.845943
0.00980146	0.884119	0.467159
-0.875116	0.468716	-0.12032
0.096836	-0.92781	-0.360266
0.0369196	-0.834969	-0.549057
-0.663217	0.381221	-0.644061
-0.451638	-0.756428	-0.473116
-0.214028	-0.851326	-0.478995
-0.538036	0.0533434	-0.841232
0.365893	0.598005	-0.7131
0.435151	-0.189876	-0.880108
0.557581	0.539146	-0.631209
0.364694	-0.557686	-0.745644
0.335662	0.906663	-0.255525
0.963768	0.2037	0.172213
0.851747	-0.228458	0.471523
0.586061	0.270601	-0.763746
0.615134	0.696674	-0.369129
0.797608	-0.584751	0.147947
0.960005	-0.238863	0.146061
0.739736	0.521563	-0.425162
0.565495	0.04475	-0.823537
0.924013	0.136799	0.357051
0.923996	0.11397	-0.365023
0.603818	0.446692	-0.660205
0.885522	0.454231	-0.0975908
-0.636901	-0.226133	-0.737035
0.268702	0.349537	-0.897565
-0.853299	0.494917	-0.164129
-0.750695	-0.31241	-0.582114
-0.159995	-0.368324	-0.915827
0.473425	0.0788692	-0.877296
0.22192	-0.28581	-0.932236
0.118814	-0.866206	-0.485356
0.31637	-0.821779	-0.473908
0.690194	-0.674376	-0.26239
-0.884996	0.338804	0.319365
-0.178092	-0.945121	-0.273916
0.610802	-0.248711	-0.751707
0.980831	-0.193593	0.0221713
0.853214	-0.279496	-0.440349
0.437716	-0.74796	-0.49896
0.179494	-0.683431	-0.707604
0.977427	0.210939	0.0119213
0.224022	-0.343782	-0.911936
0.289426	-0.52615	-0.799624
0.774268	-0.0655753	-0.629451
0.95782	0.0684065	-0.279108
0.407167	-0.904498	-0.12688
0.822231	-0.310623	-0.476917
0.0719633	-0.958313	-0.27651
0.645389	0.373856	-0.666111
0.57534	-0.810829	0.107427
-0.168537	0.705696	-0.688177
0.0904914	-0.686586	-0.721395
0.769823	-0.13541	-0.623728
0.0867357	-0.947281	-0.308441
-0.187474	-0.769089	-0.611028
0.381582	-0.748632	-0.542168
0.85006	-0.523812	0.0549488
0.869918	-0.341855	-0.355497
0.721868	-0.671074	-0.169017
-0.408463	-0.891056	0.197932
-0.72711	-0.658704	-0.193442
-0.781789	-0.0134446	-0.623398
-0.920458	-0.0586482	0.386416
-0.903679	-0.272772	-0.330092
0.227935	-0.830938	-0.507531
0.820713	-0.359723	-0.44388
0.6879	-0.693004	-0.215731
0.155389	-0.558751	-0.814648
0.765895	-0.591294	-0.25254
0.812791	-0.465523	0.350226
0.542752	0.157163	-0.825058
0.237978	0.859957	-0.451486
0.384309	-0.177699	-0.905941
-0.104439	0.763712	-0.637053
-0.272664	-0.0291802	-0.961667
0.0231345	-0.457833	-0.888737
-0.564171	-0.654096	-0.503855
0.203816	-0.417114	-0.885706
-0.336162	-0.930463	-0.14572
-0.995232	-0.0268583	-0.0937702
-0.847562	-0.362684	-0.387426
-0.022164	-0.835625	-0.548853
-0.503059	-0.177467	-0.845835
0.761228	-0.630795	-0.15043
0.875623	-0.341473	0.341586
-0.579737	-0.751395	-0.315136
0.180995	-0.890442	0.417556
0.129228	-0.964919	0.228541
0.28524	-0.958276	-0.018608
0.802649	0.315984	-0.505874
0.84038	0.536075	0.0799037
-0.180561	-0.0487744	0.982354
0.728611	0.658061	-0.189953
-0.557569	0.480737	0.676764
0.736108	0.574949	0.357182
0.10348	-0.83423	-0.54162
0.915406	-0.394248	0.0812458
-0.494045	-0.868402	0.0423896
0.945164	-0.219276	0.242037
-0.573429	-0.792821	-0.206432
0.554153	0.628865	-0.545384
-0.0152347	-0.848432	0.529085
0.227558	0.556613	0.798999
0.610092	-0.443367	0.656668
0.119415	0.251313	0.960511
0.2727	-0.172474	0.946513
0.795625	-0.484228	0.364012
0.689851	-0.613988	0.383568
0.201754	0.788548	0.580937
0.622198	-0.496823	0.605009
0.420567	-0.0424243	-0.906269
0.920321	-0.386029	-0.0631654
0.0763987	0.996954	-0.0157015
0.835172	0.0923478	-0.542181
0.666277	0.481485	-0.569427
0.45316	0.41714	0.787807
-0.530627	0.847108	0.0290139
-0.0789496	0.62325	0.778027
-0.527569	0.842091	0.112047
0.131298	0.536416	0.833678
-0.0255211	0.956553	-0.290441
-0.0728636	-0.198908	-0.977306
-0.833518	0.390815	-0.390528
0.588948	-0.103764	-0.801482
-0.746769	0.647746	-0.150866
-0.320112	0.69851	-0.640009
-0.547139	0.397913	0.736413
-0.0951987	-0.990274	0.101466
0.292529	-0.949012	0.117485
-0.969224	0.217653	-0.115029
-0.164479	-0.825326	0.540169
-0.682973	-0.346987	0.642766
-0.843741	0.271659	0.462929
0.732831	-0.613529	-0.294178
0.458821	-0.718006	0.523403
0.154203	0.581604	-0.798723
0.1757	-0.929898	-0.32314
0.854517	0.517595	0.0435569
0.495315	0.86586	-0.0703604
0.723491	-0.347172	0.596685
0.666512	0.560178	-0.491896
0.637859	0.688047	-0.346016
-0.601786	-0.496357	-0.625686
0.094671	-0.618793	-0.779829
0.0972173	-0.972442	-0.21191
-0.302807	-0.73033	0.612311
-0.296434	-0.121316	0.947317
-0.377634	0.25774	0.889361
0.108245	0.990187	-0.0883935
0.277303	0.944062	0.178464
0.526769	0.839602	-0.132598
-0.104935	0.968136	0.227378
-0.821018	0.563993	0.0885524
-0.815838	0.57407	0.069658
-0.596584	0.779488	0.191015
-0.0451185	-0.981504	0.18605
-0.717079	-0.199808	-0.667738
-0.230656	-0.7327	0.640272
-0.214727	-0.722304	0.657396
-0.52347	-0.850941	0.0433404
0.0143259	-0.021029	0.999676
-0.923381	0.226809	0.309719
0.224995	-0.939348	0.258847
-0.268101	-0.202988	0.941763
-0.768746	0.602974	0.213197
0.375367	0.526839	0.762588
-0.928622	-0.361277	-0.0844973
-0.625708	0.159061	0.763668
-0.620637	-0.655219	0.430693
-0.630351	0.26907	0.728189
-0.314287	0.88487	0.343844
-0.849092	0.0154995	0.528018
-0.256188	0.740449	0.621372
-0.683945	0.638382	0.353111
0.244187	0.197708	0.94936
-0.220365	0.0102039	0.975364
-0.684632	0.617851	0.386703
0.545742	0.828044	0.128485
-0.18216	-0.190349	0.964668
0.0695942	-0.374294	0.924695
0.842153	-0.466744	0.270051
-0.0390138	0.293228	0.955246
0.508139	0.299	0.807709
0.950698	0.123696	0.284381
0.244525	0.399601	-0.883474
0.162013	0.640386	0.750772
-0.492037	-0.112808	0.863235
-0.0968482	0.518622	0.849501
-0.106994	0.984311	0.140299
-0.0760155	0.934273	0.348362
-0.655483	0.302387	0.69203
-0.683904	0.128452	0.718175
-0.9865	0.151242	-0.0628057
-0.75523	0.0974452	0.648176
-0.52738	0.0790496	0.845944
-0.897139	0.142616	0.418094
-0.34731	-0.908832	0.231084
-0.538643	-0.374081	0.754935
-0.89834	-0.43169	0.081419
-0.718807	0.0224634	0.694847
-0.951272	-0.139925	0.274776
-0.762839	-0.64613	-0.0243575
-0.109879	-0.99371	0.0216179
-0.819837	0.520481	0.238676
-0.594522	0.60081	-0.534388
-0.73825	0.556773	0.380776
-0.180184	-0.192795	-0.964554
-0.994507	-0.0865441	0.0588794
-0.774403	0.351056	0.526365
-0.257508	-0.943187	-0.209971
-0.161336	-0.503965	0.848522
-0.204221	-0.838152	0.505762
-0.436298	0.886444	-0.154471
-0.0859273	0.848584	0.522036
-0.912379	0.39674	0.100806
-0.878888	0.455338	-0.142209
0.0271445	-0.0902864	0.995546
0.0844949	0.906216	0.414286
0.304558	0.375712	-0.875263
0.691957	0.721911	0.00639475
0.542593	0.637616	0.546844
0.500994	0.152831	0.85185
0.0780491	-0.882564	0.463668
-0.379891	-0.599447	0.704518
0.0276052	-0.976327	0.214529
-0.641975	-0.761646	0.0881121
-0.480501	-0.643534	0.595804
-0.568348	-0.813068	0.126103
-0.0396248	-0.962291	0.269122
-0.318411	-0.49397	0.809079
0.208575	-0.357409	0.91036
-0.129142	0.195576	0.972148
-0.40033	0.913694	-0.0699954
0.212006	0.535476	0.817508
0.690599	0.208842	0.692429
0.334724	0.0396202	0.941483
-0.791224	0.106281	0.602219
-0.123109	-0.651115	0.748928
0.229181	-0.35304	0.907105
0.34395	-0.154934	0.926118
0.946144	-0.293178	0.137322
-0.0445618	-0.451139	0.89134
0.548391	-0.836083	0.015252
-0.587877	-0.574193	-0.569828
0.682683	-0.641153	-0.350523
-0.22134	-0.693464	0.68565
0.368423	0.153345	0.916924
-0.622	0.391767	0.677964
-0.00823767	0.801382	0.598097
0.849689	0.306092	0.429343
0.671616	0.444895	0.592453
0.88372	-0.0354735	-0.466669
0.464503	0.745936	-0.477301
0.715225	0.593399	-0.36923
0.696458	0.503864	0.510948
0.87108	-0.111959	0.47821
-0.136306	0.645409	0.751577
0.279017	0.143463	0.949509
0.749237	0.225859	0.622601
-0.573696	0.642706	0.507742
0.33395	0.789401	-0.515096
-0.204216	-0.430802	0.879037
-0.177861	0.734772	-0.65458
0.0616333	0.991423	-0.11525
0.779895	-0.19118	0.595998
0.0576007	-0.55756	0.828136
0.596003	-0.579068	0.556292
0.41821	0.901811	-0.108799
0.612902	-0.0884495	0.785193
0.656247	-0.372247	0.656332
-0.801707	-0.505816	0.318458
0.168178	-0.513688	0.841333
0.0169791	-0.731183	0.68197
-0.732953	-0.288589	0.616032
-0.401157	-0.388867	0.829371
-0.775876	-0.41081	0.478803
-0.945389	0.262843	0.192752
-0.465813	-0.458681	0.756723
-0.610602	-0.602859	0.513543
0.41522	0.642389	0.64415
0.768854	0.566608	0.296343
0.584874	0.345765	0.733736
-0.522664	-0.851295	-0.0460386
-0.413741	-0.904632	0.102273
0.200153	0.0712923	0.977167
-0.471289	-0.861471	0.189087
0.273378	0.423634	0.863596
0.882637	-0.115382	0.455673
-0.449347	0.339032	-0.826526
-0.597036	-0.310298	0.739772
-0.466063	-0.411443	0.783262
-0.605854	-0.370447	0.704067
-0.644537	0.76242	0.0573375
-0.61551	0.525151	0.587676
-0.602361	0.797401	0.03623
-0.226727	0.634686	0.738761
-0.210011	0.0872433	0.973799
0.117806	0.941999	0.31426
-0.69338	-0.487591	0.530546
0.217107	-0.423795	0.879353
-0.552482	-0.119123	0.824969
0.843745	0.342697	0.413102
0.533215	-0.845294	0.0340689
-0.614916	0.572794	-0.54202
-0.0189129	0.237014	0.971322
0.331286	0.840956	0.427834
0.183345	-0.629006	-0.755471
0.110198	0.426341	-0.897825
0.584851	0.509313	-0.631308
0.133526	0.549237	-0.82493
-0.0425665	0.386905	-0.921137
-0.015653	0.288664	-0.957302
0.484052	-0.697943	-0.527797
-0.988713	-0.0723163	-0.13121
0.164431	0.0494141	-0.98515
0.148723	0.527363	-0.836522
-0.0141601	0.0387356	-0.999149
0.601505	0.672267	-0.431566
-0.620325	0.241037	-0.74639
-0.416242	-0.171213	0.892989
0.505643	-0.826361	0.247897
-0.198678	-0.894786	0.399856
0.0135229	-0.623882	0.781401
-0.842045	-0.252045	0.476899
-0.572364	-0.747265	0.337631
-0.947573	-0.0407623	0.31693
-0.672148	-0.738458	0.0538308
-0.493858	-0.803389	-0.332671
-0.558713	-0.312283	-0.768322
0.726945	-0.116784	-0.676692
0.13956	-0.571479	-0.808662
-0.054504	-0.649688	-0.758245
-0.657812	-0.0514238	-0.751424
-0.556964	-0.570884	-0.603227
-0.574053	-0.359798	-0.735533
-0.401063	-0.204297	-0.892979
-0.0836744	0.323789	-0.942422
-0.603328	-0.440593	-0.664735
-0.147701	0.745077	0.650419
0.924561	0.357316	-0.132334
0.748575	0.646358	0.147841
0.278006	0.698361	0.659549
0.526754	0.59725	0.604833
0.39467	0.239099	-0.887168
-0.561454	0.739882	0.370599
-0.98841	0.100706	-0.113598
-0.890661	0.43668	-0.126622
-0.562969	-0.134824	-0.815407
-0.965883	0.213765	-0.1462
-0.422678	0.189631	-0.886218
-0.380151	0.496152	-0.780589
-0.491639	-0.687209	0.534822
-0.958779	0.225293	0.173164
-0.790117	0.584014	0.186125
0.0503202	-0.988905	-0.139769
-0.692576	-0.721233	0.0126558
-0.496869	-0.865151	-0.0680845
-0.63416	-0.631129	-0.446673
-0.549409	-0.81971	-0.161941
-0.43684	-0.89765	-0.0582703
-0.90444	0.426273	-0.0166935
-0.740062	-0.542392	-0.397642
-0.253701	0.841657	-0.476706
-0.859982	0.363689	-0.357995
0.757185	-0.577257	0.305687
0.652099	0.224057	0.724269
0.580553	-0.59771	0.552902
0.145261	0.396625	0.906415
0.77426	0.12156	0.621084
0.0706454	-0.900321	0.429455
-0.0557113	-0.979098	0.19561
-0.638724	-0.355425	0.682425
-0.370281	-0.741678	0.559291
0.359644	-0.0869564	0.929029
0.508018	-0.504779	0.697937
-0.24682	-0.518768	0.818511
-0.391703	-0.3335	0.857524
-0.937031	-0.337633	-0.0893172
-0.7035	-0.676089	0.21907
-0.728528	-0.597654	0.334749
-0.670781	-0.719065	0.181654
-0.536224	0.393476	0.746753
-0.462045	-0.707837	-0.534305
-0.759417	-0.441456	-0.477915
-0.610443	-0.577802	-0.54176
0.0269574	-0.558002	0.829401
-0.395086	-0.881047	-0.26012
-0.511372	-0.815497	0.27104
-0.903027	-0.369458	0.219185
-0.742051	-0.00203277	-0.67034
-0.706297	-0.59643	0.381334
0.00709313	-0.982974	0.183607
-0.473048	-0.729275	-0.494351
-0.34511	0.368696	-0.863112
-0.574263	-0.249478	-0.779732
0.561319	-0.114446	-0.819648
-0.836255	-0.154834	-0.526026
-0.407485	-0.181754	-0.894942
0.0993649	0.206728	-0.97334
0.361222	0.116062	-0.925229
-0.229784	-0.174658	-0.957441
0.392405	-0.275229	-0.877649
-0.0919993	-0.574204	0.813527
-0.607416	-0.504053	0.613984
-0.0409606	0.238932	0.970172
-0.571412	0.817479	0.0722221
-0.355933	-0.257196	0.898422
-0.604268	0.347363	0.717077
-0.971313	-0.219912	-0.090495
-0.490268	0.722046	0.488145
-0.490542	0.870081	0.04824
-0.796739	-0.537134	0.276936
-0.94446	0.0971244	0.313946
-0.482591	0.292156	-0.825682
-0.810847	-0.302734	0.500879
-0.426797	-0.445543	-0.786979
-0.792308	0.197286	-0.577344
-0.381473	-0.0325261	-0.923808
-0.637643	-0.36527	0.678225
-0.914408	-0.286539	0.285927
-0.583514	-0.611062	-0.534897
-0.892587	-0.390359	-0.22563
-0.45736	-0.829012	-0.321809
-0.440757	-0.372494	-0.816689
-0.966151	0.25795	-0.00382998
0.554619	0.185618	0.811137
0.198031	-0.612805	-0.765019
0.0274867	-0.487767	-0.872541
-0.249959	0.775458	-0.579816
0.766848	-0.0111547	-0.641732
-0.022446	0.582677	-0.812393
0.635478	0.436866	-0.636644
-0.0403966	0.134889	-0.990037
0.245173	0.969131	-0.0259761
-0.33516	0.54567	-0.768057
0.90807	0.418685	-0.0105709
-0.176261	0.947982	-0.265071
0.225473	0.962459	-0.151108
-0.468298	0.743275	-0.477743
0.886159	-0.352284	0.301028
0.861611	0.502594	0.0708899
0.827199	0.0275564	-0.561233
0.683789	-0.233105	0.691444
0.707646	0.664414	0.240399
0.600565	0.691293	0.40179
0.693436	-0.698392	-0.177184
0.218083	-0.752177	-0.621828
0.520094	-0.809341	-0.27289
0.800935	-0.118712	0.586865
-0.576364	-0.608434	-0.545539
0.180079	-0.980851	0.0741813
-0.0296529	-0.910767	0.411854
0.917736	-0.371988	0.139234
-0.558178	0.38218	-0.736462
0.661197	-0.221663	0.716717
0.183884	-0.700992	0.689055
0.219955	-0.365477	0.904459
-0.144779	0.832081	-0.535425
-0.375171	0.0750995	-0.923908
-0.635317	-0.233906	-0.735976
-0.0154314	0.722364	-0.69134
-0.595159	-0.388619	-0.703393
-0.283406	0.0894449	-0.95482
0.240066	-0.553827	0.797273
-0.28615	0.807499	-0.515814
0.398484	-0.388688	-0.830742
-0.0931806	-0.99225	0.0822006
0.893799	-0.193419	0.404614
0.512832	-0.375365	-0.772078
0.933758	-0.0571127	-0.353318
0.798094	-0.566462	-0.205343
0.874965	0.440277	-0.201476
0.483946	0.168929	-0.858638
0.360528	0.003718	0.932741
-0.772612	-0.495131	0.397386
0.293026	-0.950463	-0.103707
0.339121	-0.938444	-0.0657305
-0.583298	-0.666188	0.464712
0.713703	0.551555	-0.431759
-0.994641	-0.0727392	0.0734771
-0.195704	-0.236984	-0.951598
-0.900059	-0.421626	0.110112
0.09809	0.774834	-0.624509
0.306742	0.92501	-0.224203
0.832823	0.523338	-0.180342
0.768071	-0.0322823	-0.63955
-0.746319	0.381214	-0.545604
-0.761495	0.522344	-0.383773
-0.840061	0.48726	0.238484
-0.666993	-0.154831	-0.728799
-0.725946	0.291786	-0.622786
-0.526836	0.172627	-0.832252
-0.843504	-0.297525	-0.447192
-0.027055	-0.64421	-0.76437
0.928523	0.342938	-0.142259
0.78207	-0.492087	0.382384
-0.772105	-0.00697849	0.635456
-0.810888	-0.205373	0.547981
0.404883	-0.0291566	-0.913903
-0.984371	-0.147575	-0.0961001
0.0801657	0.168611	-0.982417
-0.497693	0.239496	-0.833633
0.356363	-0.0589642	-0.932485
0.123246	-0.363036	-0.923588
0.23682	-0.705033	-0.668465
0.0447894	0.0995511	-0.994024
-0.642266	-0.025926	-0.766043
0.928692	0.278612	-0.244756
-0.453744	-0.0927338	-0.886294
0.507319	-0.154085	-0.847871
0.719723	0.352785	-0.597947
0.95079	0.154741	-0.268428
0.234559	-0.969518	-0.0708244
-0.202443	0.895813	-0.395647
-0.180633	0.686289	-0.704542
0.652088	0.717566	-0.244706
0.704382	0.670561	0.232798
0.386856	0.195267	-0.901229
-0.203441	0.541159	-0.81594
-0.0728638	-0.388231	-0.918677
-0.374243	-0.214651	-0.902146
-0.316287	0.914943	-0.250684
0.207073	0.870748	-0.446002
0.950025	-0.289881	-0.115852
0.947147	-0.21262	0.240218
0.335209	-0.313093	-0.888599
0.282406	-0.100331	-0.954034
0.011548	0.440971	-0.897447
0.757893	-0.498582	-0.420731
0.932506	-0.356201	-0.0596012
0.758231	-0.616961	-0.21082
0.269344	0.243372	-0.931785
0.0954791	0.703711	-0.704042
-0.0520609	0.833354	0.550282
-0.612504	0.359894	-0.703787
-0.541616	0.369713	-0.75496
-0.742098	-0.241269	-0.625364
0.266136	0.430357	-0.862534
0.784542	0.325088	-0.528026
0.824047	0.487129	-0.289226
-0.864675	0.0565338	-0.49914
-0.274965	-0.529541	-0.802484
0.450101	-0.600966	-0.660491
0.735312	0.0752543	-0.673538
0.977285	0.00982298	0.211699
0.821895	-0.562213	-0.0916833
0.891294	0.447367	0.0738786
-0.547707	0.284172	0.786933
-0.0542244	0.972437	0.226775
0.271143	-0.00244615	-0.962536
-0.48306	0.705193	-0.518995
0.309434	0.933109	0.183188
-0.201003	0.802299	-0.562062
0.905093	0.415289	0.0913361
-0.283101	0.868517	-0.406857
0.543121	0.830468	-0.123865
0.725681	0.24198	-0.644075
0.836893	0.199264	0.509808
0.0569812	0.560201	-0.826394
0.215862	0.539387	-0.81392
0.86447	-0.405738	-0.296764
0.421606	-0.273238	-0.864633
0.478256	-0.0255685	0.877848
0.58604	0.0710901	0.807158
-0.386672	0.921542	-0.0352872
-0.781522	-0.385395	-0.490606
0.207335	0.783589	-0.585662
-0.436973	0.896135	-0.0774432
-0.286703	0.752362	-0.593087
-0.217034	-0.891629	-0.397358
-0.433071	0.900966	-0.0266413
-0.840802	-0.217529	-0.495715
0.314542	-0.360208	-0.878245
-0.75388	-0.652596	-0.0760523
-0.725878	-0.0742087	-0.683809
-0.650975	0.663063	0.369565
0.40794	0.0416035	-0.91206
-0.687675	-0.493064	0.532908
-0.284468	-0.00691375	-0.958661
-0.962308	-0.246017	-0.11593
-0.0554993	-0.175815	-0.982858
0.631738	-0.245461	0.735293
-0.96878	-0.0779763	0.235341
0.390826	-0.478357	0.786403
0.7273	0.19565	0.657842
0.812865	-0.58161	0.0312945
0.715039	-0.698554	0.0272191
0.0921112	-0.968319	0.232109
0.732741	-0.536277	-0.418924
-0.839318	-0.535428	-0.0941362
-0.595355	-0.350879	0.722798
-0.438505	-0.373866	0.817275
-0.961537	0.169557	0.216095
-0.959517	-0.268471	-0.0851459
-0.835098	-0.515245	-0.1927
-0.125479	-0.760027	0.637663
-0.729994	-0.681298	-0.0542436
-0.71465	-0.673578	-0.188596
-0.741471	-0.555906	0.375753
-0.955492	0.293727	0.0275619
-0.72897	-0.56947	-0.379877
-0.365043	-0.339272	0.866971
0.236572	-0.0819098	0.968155
0.398796	-0.405901	0.822318
0.0393461	0.124967	0.99138
0.0861638	-0.739085	0.668079
-0.979353	0.0362534	0.198878
-0.842436	-0.538404	-0.0205812
-0.777806	0.407067	-0.478868
-0.482706	0.869537	0.104403
-0.101312	0.929582	-0.35442
0.651148	-0.385727	-0.653621
-0.338821	-0.191517	-0.921152
0.888306	-0.0106102	-0.459129
-0.427647	-0.734526	0.526868
-0.833991	-0.132808	0.535556
-0.496578	-0.820977	0.281793
-0.696085	0.496312	-0.518787
-0.360584	-0.683168	-0.635028
-0.938106	0.339974	-0.0661465
-0.903755	-0.140552	-0.404317
-0.488851	-0.866197	-0.103572
0.199394	-0.63368	0.747457
0.52883	-0.574536	0.624697
-0.455271	-0.118387	0.882447
-0.543127	-0.485133	0.685317
-0.726555	0.67149	-0.145665
-0.844606	0.385634	0.371385
-0.745717	0.642025	-0.178071
-0.988959	0.0354151	0.143893
-0.960692	0.276271	0.0273169
0.765771	-0.5082	0.394117
0.334847	0.453233	0.82611
0.510496	0.589134	0.62635
-0.903063	-0.329849	0.275095
-0.329938	0.60115	-0.727846
-0.635878	-0.766622	0.0891664
-0.0982967	0.963425	0.2493
0.898346	0.234901	0.371209
-0.636002	0.257508	-0.727455
0.140476	0.185628	0.972527
0.0522071	0.960783	-0.272341
0.438458	0.845802	0.303931
-0.408514	0.37556	-0.831908
-0.0760004	0.921871	0.37997
-0.84018	-0.505722	-0.195816
-0.50884	0.496596	0.703189
-0.796508	-0.322819	-0.511237
-0.776988	0.337045	-0.531685
-0.838701	0.392166	0.37787
0.270156	0.184559	0.944962
-0.291705	0.944844	0.148921
-0.290427	0.0943593	0.952234
-0.952571	0.25729	0.162511
-0.843215	0.486865	-0.227926
-0.583012	0.812334	0.0145096
-0.710805	-0.328917	0.621747
-0.369568	0.584973	-0.72196
-0.92313	0.381229	-0.0499439
-0.923782	-0.382186	0.0236774
-0.764952	0.598257	0.238614
-0.125658	0.373671	-0.91901
-0.942442	0.334016	0.0153927
0.242738	-0.246406	-0.938276
-0.859936	-0.142096	-0.490224
0.206476	0.290588	-0.934305
0.199665	-0.147285	-0.968732
0.157579	-0.407783	-0.899379
0.388221	0.060178	0.919599
-0.197672	-0.571943	0.79612
0.147318	-0.941916	0.301812
-0.0196927	0.237241	0.971251
-0.505428	-0.0860214	0.85857
-0.935992	0.338182	-0.0977324
-0.0224188	0.741635	0.670429
-0.506958	0.81433	-0.282595
-0.927513	0.356993	0.110794
-0.76276	-0.0977628	0.639249
0.106081	0.800529	-0.589831
-0.940103	-0.119134	0.319396
0.205409	0.685263	-0.698729
0.795736	-0.108037	0.595929
0.834886	0.180868	-0.519857
-0.125138	-0.738685	-0.662333
0.572046	-0.183619	-0.799405
-0.191631	-0.314788	0.929616
-0.255688	0.722859	-0.641949
-0.908424	-0.295257	-0.295955
-0.796951	0.529366	0.29093
-0.173948	0.876079	-0.449698
-0.196642	0.972999	-0.120848
-0.299646	0.925108	-0.233211
-0.527103	0.824912	0.204161
-0.848009	0.0823412	-0.523546
-0.53816	0.302661	-0.786626
-0.588186	0.711678	-0.384123
0.157818	0.837683	-0.522858
-0.994975	-0.0828286	0.0562589
0.242349	0.549729	-0.799415
-0.882829	-0.12999	-0.451348
-0.801203	-0.571731	0.17663
-0.222282	0.075783	-0.972033
-0.753994	0.647265	0.111983
-0.0994041	0.593076	-0.798987
-0.414743	0.707752	-0.571905
-0.999694	0.0209619	-0.013167
0.233946	0.972162	0.0130624
-0.838791	0.330829	-0.432413
0.265533	0.93671	0.228184
-0.762709	0.266023	-0.589496
0.20719	0.863907	0.459062
-0.370369	0.92861	0.0225872
0.453759	0.888973	0.0618821
-0.36617	0.795303	0.483128
0.973103	-0.0644855	-0.221163
0.370198	0.738604	-0.563399
-0.0983625	-0.242469	0.96516
0.721207	0.465329	-0.513156
0.661929	0.515413	-0.544242
0.577755	0.584636	-0.569561
-0.159799	0.548253	0.820903
-0.391594	0.278108	-0.877103
-0.0762016	0.181477	-0.980438
-0.26022	0.672755	-0.692594
0.0049317	0.49882	-0.866692
-0.228014	0.119957	-0.96624
-0.412558	0.878275	-0.241721
0.117001	0.238403	-0.964093
-0.468085	0.492764	-0.73354
-0.402616	0.838218	-0.367818
-0.871444	0.486842	-0.0597566
-0.85271	0.362128	-0.376497
0.0245505	0.227272	-0.973522
-0.605914	0.341043	-0.718719
-0.93971	0.327223	-0.0993478
0.0906441	0.914673	0.393899
-0.371113	0.0730439	-0.92571
-0.63323	0.307794	-0.710129
-0.55356	0.821548	-0.136493
-0.329829	0.702971	0.630115
-0.599455	0.456349	0.657571
-0.291395	0.723245	0.626104
-0.345015	0.581339	0.736891
-0.0014242	0.42903	0.903289
-0.611184	0.566822	-0.552419
-0.157326	0.518814	0.840286
-0.246139	0.955486	0.16267
-0.673928	-0.630222	0.385541
-0.187152	0.668885	-0.719422
-0.383513	0.905592	-0.181166
-0.75384	0.17504	-0.633314
-0.00710084	0.670489	-0.741885
-0.664912	0.719068	0.202075
-0.382368	0.872102	-0.30534
0.759993	0.648097	-0.0488037
0.716631	0.679088	-0.158996
0.655883	0.435113	0.616842
-0.0331887	0.814089	0.579791
-0.89046	-0.380929	-0.248946
-0.736207	0.654479	0.17221
0.874062	0.0480668	-0.483431
0.995928	-0.0467605	0.0770716
0.648749	0.271586	0.710891
0.74331	0.366587	0.559558
0.913274	-0.284094	0.291927
-0.487442	0.605589	-0.629017
-0.368499	0.919125	0.139349
-0.0684131	0.994328	-0.0814391
-0.186448	0.950291	0.249366
-0.0387166	0.915686	0.400025
-0.643011	0.731838	-0.225721
-0.815271	0.482462	-0.320256
-0.396245	-0.0509687	0.916729
-0.619537	-0.603305	0.502192
-0.216262	-0.77934	0.588098
-0.258036	-0.965504	-0.0349155
-0.637362	-0.12423	0.760485
-0.782341	-0.611996	0.115776
-0.794077	0.0308985	0.607031
-0.646045	-0.492514	0.583144
-0.81447	0.33993	0.470198
-0.185281	0.559489	0.807863
-0.00465869	0.982086	0.188373
0.323216	0.0265732	0.945952
-0.0780651	0.608195	0.789939
0.814814	0.301861	0.494932
0.291921	0.948859	0.1202
0.572464	0.819518	-0.0259861
-0.73584	-0.122093	0.666057
-0.778564	-0.0800628	0.622437
-0.726753	0.23543	0.645293
-0.21723	0.684243	-0.696148
-0.661345	0.702974	0.261629
-0.218224	0.763768	0.607484
-0.80891	0.581744	0.0850743
-0.716179	0.0359799	0.696988
-0.321406	-0.538184	0.779138
-0.903476	0.0455012	0.426217
-0.281476	0.714083	0.640981
-0.328317	0.674111	0.661652
-0.309716	0.917833	0.248311
-0.299536	0.0340826	0.953476
-0.234114	0.630786	0.739797
-0.153189	0.636981	0.755505
-0.117753	-0.659542	0.742387
-0.447134	-0.000619387	0.894467
-0.763514	0.21211	0.609964
0.0509769	0.283655	0.957571
0.563957	0.18238	0.805413
0.663455	-0.169653	0.728729
0.902385	0.0865947	-0.42214
0.0422041	0.799612	0.599032
-0.0705654	0.945545	0.317751
-0.114951	-0.564797	0.817185
0.362027	-0.758093	0.542431
0.48755	-0.867151	0.101706
0.558673	-0.724374	-0.40394
-0.864987	0.420645	0.273596
-0.581319	0.753892	0.306128
-0.218518	0.503481	0.835917
0.242865	0.645542	0.724081
0.877201	0.0563591	-0.476805
-0.287011	0.376173	-0.880976
-0.394568	0.573905	0.717599
-0.60117	0.760946	-0.244041
-0.0629358	0.35756	-0.931767
-0.174769	0.357228	0.917521
-0.436708	-0.0390563	0.898755
-0.503271	0.801522	0.322925
0.135044	0.426569	0.894316
0.0418173	-0.980317	0.192951
0.912033	-0.380819	0.152224
0.146501	-0.575753	0.804392
0.264726	-0.192473	0.94492
-0.666641	0.333191	-0.666763
-0.832235	-0.554378	-0.00710285
-0.658701	-0.437822	-0.611903
0.0226501	-0.410314	0.911663
-0.589771	-0.36316	0.721308
0.040851	-0.0621346	0.997231
0.0560111	0.565185	0.823061
0.219195	-0.289194	0.931837
0.818494	0.145928	0.555673
0.116948	-0.992798	0.0260015
-0.640255	-0.514229	0.570651
0.245046	-0.347646	0.905038
0.36806	0.146317	-0.918217
0.267358	0.0960069	0.958803
0.196504	-0.661079	0.724128
0.69999	0.224209	0.678045
0.753531	0.342126	0.561374
0.57964	-0.807708	0.107818
0.542666	-0.815347	-0.201799
0.380214	-0.720131	0.580386
0.799501	-0.327606	0.503461
-0.510555	0.533694	-0.674169
-0.128267	-0.442959	0.887319
-0.551101	0.110767	-0.827054
0.142069	-0.4587	0.877161
0.613219	0.464289	0.63906
0.0865682	0.395742	0.914272
0.989783	0.127017	-0.0647703
0.146705	0.939646	-0.309102
-0.293219	0.933767	-0.205186
-0.394635	0.915785	-0.0748368
-0.114699	0.965262	0.234763
-0.558538	-0.198768	-0.805312
0.488381	0.818556	0.302407
0.309068	0.764047	-0.566312
0.409606	0.208659	0.888079
-0.506752	-0.790753	-0.343382
-0.311786	0.501898	-0.806776
-0.289072	-0.0583321	-0.955528
-0.697567	0.298958	-0.651172
-0.788741	0.361685	0.497064
-0.28705	-0.210847	0.934423
0.398093	0.761258	0.511868
0.691462	0.372111	0.619205
0.639845	0.0146815	0.768364
0.0776461	0.161392	0.983831
0.722962	0.516618	0.458727
0.584065	-0.780452	0.223077
0.0708122	-0.531447	0.844127
0.397332	-0.915542	0.0625298
0.909844	0.140607	-0.390401
0.797859	0.500483	0.336063
-0.676529	0.11565	0.727278
-0.590803	0.338083	-0.732565
-0.764621	0.598412	-0.239287
-0.836909	0.5211	-0.167448
-0.701068	0.703207	0.118339
-0.259476	0.955423	0.140851
-0.767997	0.266859	-0.582209
-0.788967	-0.541109	0.291089
0.0283359	0.841756	0.539114
-0.796081	-0.5478	0.257234
-0.908343	-0.399539	0.123617
0.0684331	-0.266269	0.961466
-0.767907	-0.0803224	0.635505
0.888795	-0.283723	0.359923
0.569489	0.245076	0.784615
0.422219	0.726534	0.542106
0.859545	-0.496358	0.121703
-0.951463	-0.302422	-0.0570853
0.171006	-0.967008	0.188817
-0.657121	-0.0340588	-0.753015
0.390882	-0.816765	0.42439
-0.43677	-0.88499	-0.161323
-0.882229	-0.138648	0.449942
-0.665555	-0.456694	-0.590311
0.271465	-0.914436	0.300189
-0.841574	0.421094	0.338279
-0.771336	-0.631216	0.0812916
-0.883015	-0.0541518	-0.466211
-0.91034	-0.227199	-0.34592
-0.960602	0.161032	0.226525
-0.886414	0.306766	-0.346649
-0.725532	-0.592363	0.350299
-0.532719	-0.268353	-0.802619
-0.678317	0.579589	-0.451622
-0.43632	-0.817862	0.375134
-0.616623	-0.777778	0.121807
-0.945074	-0.320176	0.0657474
0.342196	-0.740238	0.578748
-0.983634	0.165658	-0.0708632
0.698387	-0.291618	0.653616
0.00575302	-0.782921	0.622094
0.0388477	-0.570844	0.820139
-0.766517	-0.162709	-0.621271
-0.592194	-0.781243	-0.197396
-0.753632	-0.250765	-0.607582
-0.34805	-0.432472	0.831763
-0.391947	-0.276628	0.877413
0.663429	-0.723501	-0.190809
-0.950726	-0.0753147	-0.300744
-0.121341	-0.827847	0.547673
-0.681225	-0.706035	-0.193514
-0.761641	-0.41255	-0.499705
-0.315919	-0.592426	0.741099
-0.363287	-0.836844	-0.40953
-0.966584	-0.252382	-0.0449389
-0.545547	-0.674843	-0.496956
-0.184813	-0.941025	-0.283401
0.0427941	-0.489842	0.87076
-0.342315	-0.817805	-0.462618
0.461901	-0.72343	-0.513125
-0.345232	-0.890283	0.297003
-0.870566	-0.491052	0.0313465
-0.888672	0.428175	-0.164102
-0.896295	0.0924568	-0.433713
-0.0842759	0.555936	0.826942
-0.594004	-0.769863	0.233388
-0.629623	-0.467078	0.620817
0.517975	0.425198	0.742232
0.0951081	-0.0580175	0.993775
-0.401306	0.859906	-0.31546
-0.416382	-0.506038	0.755349
0.744922	0.599231	0.293281
0.416621	0.830556	-0.369599
0.66883	0.72915	-0.144939
0.522757	-0.330558	-0.785784
0.0631786	-0.877997	-0.474479
-0.739094	-0.417011	0.529001
0.762069	-0.614696	0.20347
-0.397709	-0.864883	-0.306276
0.74946	-0.567886	0.340316
0.742213	-0.298755	0.599887
-0.522807	-0.656673	0.543556
-0.569429	-0.770641	-0.286117
-0.699366	-0.273386	0.660415
0.146286	0.808111	-0.570576
-0.32419	-0.536263	0.779309
-0.819374	0.4332	0.37545
-0.832762	-0.0412115	0.552095
-0.581804	0.723354	-0.371837
-0.431527	0.60971	0.664859
-0.889696	0.445143	0.101433
-0.191288	0.606708	-0.771566
-0.529082	0.60236	-0.597691
-0.409838	0.906001	0.105802
-0.451675	0.808896	0.376401
-0.000532238	0.658245	-0.752804
-0.987781	0.126841	0.0905587
-0.921383	0.0106239	-0.388511
-0.901677	0.266158	-0.34079
-0.506913	-0.284509	-0.813692
0.147516	0.771497	-0.618896
-0.12915	0.451498	-0.882876
0.0785219	0.628032	-0.774216
-0.330848	-0.838086	0.433764
-0.868208	-0.459404	-0.187516
-0.633664	-0.767603	-0.0962069
-0.536203	0.830494	-0.150885
-0.383778	-0.692747	-0.610586
-0.855305	-0.49516	0.152543
-0.977596	0.100023	-0.185209
-0.921974	-0.327494	-0.206667
-0.848142	0.19754	-0.491562
-0.529394	0.492385	-0.690868
-0.909779	-0.375211	0.177539
-0.0882637	0.653629	-0.751651
-0.933032	-0.203935	0.296414
-0.747336	0.533593	0.395939
-0.269752	-0.7718	-0.575811
-0.403302	0.716175	-0.569597
-0.128713	0.446179	-0.88564
0.0342253	0.490237	-0.870917
-0.478094	0.700432	-0.529925
-0.8462	0.393665	0.359128
-0.183082	0.454883	-0.871529
-0.969221	-0.145904	-0.198301
-0.562924	0.347773	-0.749781
-0.94792	-0.228867	-0.221513
-0.812985	0.0488212	0.580235
0.137525	0.725808	0.67401
-0.499181	-0.864157	0.0636498
0.099234	-0.0309312	-0.994583
0.126577	0.0913268	0.987744
-0.975775	-0.191254	-0.106232
-0.333653	0.918751	-0.211124
-0.881587	-0.228105	0.413245
0.0205356	0.999454	-0.0258783
-0.112612	0.954267	-0.276936
0.0637993	0.39437	0.916735
0.554395	-0.0436131	-0.83111
-0.25226	0.164513	-0.953572
-0.682	-0.727727	0.0727231
-0.980385	-0.188355	-0.0580299
-0.701818	0.173185	-0.690984
-0.564499	0.319676	-0.761018
-0.00144624	-0.987397	0.158255
0.255546	0.32951	-0.908911
0.0450744	-0.193982	0.979969
-0.265634	0.528478	0.806318
-0.877473	-0.262524	-0.4014
-0.0613587	-0.997862	-0.0225212
0.239477	0.897705	0.369833
-0.974629	0.0771248	-0.210121
-0.478646	-0.627281	-0.614342
0.347597	-0.0334347	-0.937048
0.306129	0.947015	-0.0972008
0.0647575	0.982399	0.17521
0.172834	0.9338	0.313281
0.291641	0.333078	0.896663
-0.568564	0.212332	0.794764
0.707011	-0.224455	0.670638
0.143607	0.556117	0.818603
-0.231728	0.0979932	0.967832
0.887477	-0.348856	0.301138
0.313554	-0.882749	0.349912
0.461153	-0.50242	0.731377
-0.119323	-0.955563	0.269557
0.173665	-0.982665	-0.0648873
0.234224	-0.589762	0.772865
0.449874	-0.499405	0.740411
-0.735121	-0.371701	0.566952
0.0383063	-0.814207	0.579309
-0.574662	-0.140574	0.806227
0.161885	-0.342243	0.925561
0.189634	-0.0540308	0.980367
-0.896948	0.440671	-0.0359642
-0.821208	-0.124627	-0.556853
-0.658116	-0.431342	-0.617112
0.813902	0.410821	0.410839
-0.126842	0.824744	0.551097
-0.807305	0.537912	0.242712
-0.823752	-0.0846879	0.560589
0.812763	-0.321944	0.48556
0.00947701	0.00735399	0.999928
0.773149	-0.052976	0.632008
-0.0277877	-0.940802	0.337815
0.469997	-0.00905999	0.882621
-0.907842	0.417418	-0.0398089
-0.748301	0.612133	0.255614
-0.592842	0.498241	0.632688
-0.97018	0.178339	0.164155
-0.659254	-0.191762	0.727057
-0.0611603	0.617856	0.783909
0.0889719	-0.224733	0.97035
-0.527296	-0.402318	0.748397
0.43558	0.492398	-0.753534
-0.937763	-0.191478	0.289717
0.195264	-0.382013	0.903293
0.239648	0.723451	0.647446
0.430963	-0.236527	0.870819
-0.633584	-0.480454	0.606411
-0.954275	-0.274551	0.118241
-0.138351	-0.650313	0.746962
-0.329922	-0.694282	0.639628
-0.32311	0.628201	0.707787
-0.839942	0.304117	0.449456
-0.933513	-0.315239	0.170816
-0.973918	0.226324	0.0161698
0.0559088	-0.00605324	-0.998418
0.180545	0.587626	-0.788733
-0.769745	0.119233	0.627117
0.164293	0.336371	-0.927288
-0.773013	0.358873	0.523126
-0.953212	-0.028958	-0.300913
-0.525963	0.327966	0.78473
-0.391498	-0.325146	0.860819
0.347977	0.664655	0.66117
0.55723	0.319039	0.766621
-0.992365	-0.121428	-0.0216259
-0.453554	0.621694	0.638581
-0.482021	0.236316	0.843688
-0.656055	0.609619	0.444923
-0.62716	-0.318442	-0.71082
0.933326	0.106978	0.342722
-0.276267	0.401282	0.873298
-0.977816	0.206453	0.035409
-0.600561	-0.767864	0.222963
-0.877786	-0.287027	0.383546
-0.915808	0.32299	0.23869
-0.659973	-0.62319	-0.419607
-0.787841	-0.357474	0.501516
-0.923493	0.00694117	0.383552
-0.948256	-0.159518	0.274527
-0.771237	0.634205	0.0545597
-0.737893	0.377495	0.559474
-0.771737	0.19068	0.606682
-0.929633	-0.366289	0.0401724
-0.223536	-0.029546	0.974248
-0.640354	0.297653	0.708061
-0.611713	-0.163647	0.773968
-0.875764	-0.295672	0.381597
-0.932421	0.359854	0.0331055
-0.54125	0.663745	0.516228
-0.458016	-0.148257	0.876493
-0.691024	-0.463939	-0.554298
-0.711209	0.0773877	0.698708
-0.862367	-0.107228	0.494798
-0.903835	0.0814957	0.420048
-0.592289	-0.590829	0.547828
0.166308	0.967643	0.189759
0.0988894	0.208723	0.972962
-0.0495814	-0.486211	0.872434
-0.0506207	0.125911	0.990749
0.109413	-0.305802	0.945788
0.111203	-0.651048	0.750847
-0.160395	-0.0922314	0.982734
0.0900583	0.71215	0.696227
0.642925	-0.317138	0.697188
-0.191273	0.927487	0.32122
0.0631433	0.869638	0.489636
0.0118282	0.259983	0.965541
-0.876298	0.472612	-0.0934863
-0.782617	-0.386817	0.487733
0.121393	0.233561	0.964735
0.315895	0.181479	0.931276
-0.744614	-0.231892	0.62592
0.580713	0.275126	0.76621
0.0106176	0.694078	0.719821
0.0363538	-0.185546	0.981963
0.251711	-0.127277	0.959397
-0.964657	0.174951	-0.197048
-0.0173061	0.945621	0.324809
0.713218	0.29489	0.635893
-0.803799	0.237821	0.545297
-0.441479	-0.0399182	0.896383
-0.40108	0.29368	0.867691
0.0386235	-0.303798	-0.951953
-0.942964	-0.230266	-0.24041
-0.487273	-0.0622345	0.871029
0.210032	-0.0958422	0.972986
-0.838675	-0.306791	0.450004
0.799671	0.0811241	0.594933
-0.412913	-0.259409	0.873046
-0.199008	0.563467	0.801811
0.324308	0.643628	0.69323
0.410737	0.451671	0.792015
0.104176	-0.00234699	0.994556
0.901168	0.173693	-0.397149
0.923354	-0.348816	0.160452
0.0143996	-0.574055	0.81869
-0.496175	0.562126	0.661684
0.504151	-0.772446	0.38621
0.291451	0.951222	-0.101157
0.131551	-0.0836467	-0.987774
0.567248	0.817707	0.0979025
0.281586	-0.951492	-0.123986
0.119	-0.980263	-0.157873
-0.389286	-0.862791	-0.322566
0.356178	-0.736324	0.575295
0.349865	-0.936479	-0.024508
0.174988	-0.983019	-0.0552575
-0.361753	-0.504525	0.783957
-0.419415	0.694244	0.584907
0.0330612	0.403427	0.914414
-0.477841	-0.622814	0.619493
-0.680328	0.245135	0.690697
-0.587387	0.758796	0.281436
-0.528196	0.615745	0.584694
-0.373627	0.383454	0.84461
-0.0921318	0.7278	0.679572
-0.956442	0.286104	-0.0579906
0.00718689	-0.235647	0.971812
-0.323192	-0.0278534	0.945924
0.796856	0.485654	0.35939
-0.247282	0.891588	0.379371
0.780216	0.502683	-0.372254
-0.653655	0.615183	-0.440777
-0.104771	-0.0532947	0.993067
-0.477276	0.61168	-0.630916
0.403793	0.913894	0.0418293
0.721221	-0.495866	0.483692
0.892913	0.173736	-0.415358
-0.116652	0.907612	-0.403277
0.715812	0.546785	-0.434326
0.857803	-0.0767614	-0.508214
0.500595	0.0189837	-0.865473
0.790809	-0.576468	0.205686
0.772719	-0.634405	0.0208693
-0.639314	-0.310709	0.703376
0.477407	0.00293663	0.878677
0.258042	-0.659744	0.705799
-0.751747	-0.55374	0.358118
-0.58391	-0.239547	0.775672
0.824598	-0.542331	0.160983
0.457197	-0.432697	0.77701
0.201824	0.79694	-0.569346
0.796551	0.507251	0.328944
0.759262	0.269629	-0.592302
0.132987	0.979888	-0.148778
0.463154	-0.07658	-0.882963
0.945312	0.0737503	-0.317721
0.526191	-0.793989	0.304473
0.804074	-0.479149	0.351967
0.132312	-0.927634	-0.349269
0.510534	-0.839261	0.187073
-0.00995494	0.919269	0.393504
0.319601	0.536296	0.78118
0.938543	-0.260412	0.226544
0.0435814	0.00538893	0.999035
-0.025631	0.313233	0.94933
-0.00398473	0.976764	0.214279
-0.449783	0.873704	-0.185303
-0.644272	0.764288	-0.0278868
-0.610088	0.502754	-0.612398
0.896392	-0.0428635	-0.441185
0.322118	-0.377578	0.868145
0.886021	-0.169813	0.431427
0.513071	-0.76202	-0.395074
-0.487199	0.871982	-0.0477953
0.474306	0.348825	0.808304
-0.501402	0.521523	0.690369
0.280332	0.583772	0.761987
0.343315	0.33678	0.876763
-0.531532	-0.37523	0.759392
-0.526138	0.838902	0.139368
-0.492125	0.86581	-0.0904818
-0.581189	0.523536	0.623
-0.0407245	0.944274	0.326631
-0.926959	0.307221	0.215321
-0.49738	0.606205	-0.620587
0.874122	-0.483033	0.0508943
-0.880665	0.117908	0.458832
-0.673982	-0.663679	0.324467
-0.595931	-0.187969	0.780727
-0.854996	-0.359099	-0.374205
-0.766401	0.16964	-0.619558
0.814721	0.171528	0.553902
-0.972925	0.231084	-0.00405388
0.0481669	0.709787	0.702767
-0.585558	-0.335512	0.737939
0.606683	0.159704	0.778737
-0.491177	0.871042	-0.00560352
-0.620782	0.467112	0.629631
0.218157	0.948258	-0.230682
-0.211659	0.967993	0.134868
-0.446225	0.876615	0.180083
0.0564987	0.777758	-0.62602
-0.570035	0.424272	-0.703601
-0.944334	0.250209	0.213607
0.589122	-0.806342	-0.0524248
-0.456688	0.651393	0.605907
-0.186724	0.740796	-0.645257
-0.0355076	0.507605	0.860858
0.420725	-0.84242	-0.336629
0.103527	0.744397	-0.659663
-0.428323	-0.881098	-0.200512
0.360199	-0.0898916	-0.928534
0.317894	-0.551755	-0.771045
-0.23462	0.0985718	-0.967077
0.736594	-0.52709	-0.423798
0.410243	-0.256144	-0.875266
0.581226	-0.7209	-0.377466
-0.271648	-0.958797	-0.0831564
-0.511783	-0.687579	-0.515085
-0.191068	-0.638159	-0.745819
0.0417506	-0.968844	0.244127
-0.0878086	-0.93039	0.355899
0.303325	-0.85255	0.425621
-0.199479	-0.867135	0.456382
-0.863881	0.496097	0.0871665
0.480362	0.369327	0.795519
0.125009	-0.805479	0.57929
0.0696463	0.940999	-0.331165
-0.956563	0.25098	-0.148309
0.0217713	-0.85069	0.525216
-0.167057	-0.721138	-0.672348
-0.481602	-0.833022	0.272276
-0.664642	0.639434	-0.386491
-0.296866	0.948392	0.111457
0.0633408	-0.993097	-0.0987275
-0.165111	-0.980687	-0.104837
-0.0584357	0.12381	-0.990584
-0.765494	0.430724	-0.478012
-0.523059	0.674712	0.520743
0.0216417	0.930522	-0.365595
0.359684	0.861902	-0.357424
-0.00360581	0.997314	-0.0731619
0.476636	-0.155184	-0.865296
0.505731	-0.214933	-0.835488
-0.118232	-0.541919	-0.832072
0.578729	-0.109312	-0.808161
0.85336	-0.41244	-0.318858
0.0444507	-0.969771	0.239932
-0.686998	-0.362574	0.629741
0.859322	0.226627	0.458481
-0.126082	0.766657	0.629555
0.00568178	0.992224	0.124338
-0.840656	0.236288	0.487305
-0.7699	-0.462064	-0.440171
-0.687001	0.41236	-0.598322
-0.961837	-0.224639	-0.156226
-0.808755	-0.498338	-0.312368
-0.916482	-0.380449	-0.123776
-0.905467	-0.423135	-0.0329498
0.260474	-0.666997	-0.698046
-0.277224	0.35118	-0.894326
0.38399	0.684266	-0.619945
-0.22595	0.871292	-0.435657
0.427763	0.743121	-0.514578
-0.206244	0.886196	-0.414873
0.0628605	0.879339	0.472029
0.176451	-0.3177	0.931629
0.389642	0.537856	0.747589
-0.723269	0.345048	0.598184
0.429467	0.115024	0.895727
0.607485	0.635403	0.476681
-0.580532	0.190636	0.791607
-0.540744	0.728473	0.420621
-0.539482	0.830342	0.139611
0.0534935	0.968239	0.244236
-0.855938	-0.374142	0.356914
-0.428403	0.726849	0.536806
0.00717641	0.978891	-0.204256
-0.376494	0.897156	0.231004
0.417509	0.775475	0.47363
0.440951	0.872907	0.208796
-0.143293	0.837808	0.526826
-0.43045	0.887933	0.162138
0.0478439	0.907605	0.41709
-0.371363	0.923428	-0.0968005
0.139335	0.733909	0.664804
-0.0672252	0.966817	-0.246466
-0.673007	-0.00304538	-0.739629
-0.766235	-0.305958	-0.565044
-0.951238	-0.0199834	-0.307808
-0.925337	0.21949	0.309152
-0.473192	0.811516	-0.342828
-0.888097	0.459642	-0.00368559
-0.873769	0.373645	-0.311316
0.262134	0.932057	-0.250112
-0.367635	0.819152	0.440267
-0.394635	0.752866	-0.52674
-0.426604	0.334455	-0.840327
0.717097	-0.372988	-0.588772
0.349008	0.897051	-0.271097
-0.178868	0.960268	0.214223
-0.513929	0.401211	0.758226
-0.191324	-0.162075	0.968053
0.555858	0.227805	0.799454
0.560643	-0.540944	0.626944
0.611204	0.708815	0.352152
-0.370594	0.761415	-0.53189
0.336584	0.403893	-0.850636
-0.630673	0.64541	0.430926
-0.570082	0.571825	-0.589935
-0.856835	0.0512452	0.513037
0.132488	0.56198	-0.816472
0.673069	0.460672	0.578583
0.572658	-0.0520779	0.818139
0.528201	0.596537	0.604274
0.898279	0.417445	0.137237
0.826035	-0.330363	0.456647
0.928917	0.115108	0.351942
0.617041	-0.293246	0.730251
0.9223	0.325947	0.207656
0.86885	-0.263414	0.41918
0.370847	-0.560427	-0.740536
0.912355	0.102979	-0.396236
-0.0163834	-0.161666	-0.986709
-0.419335	-0.273053	-0.865795
-0.0967899	-0.234585	-0.967265
-0.258419	-0.297506	-0.919081
-0.764102	-0.599703	-0.237707
-0.408522	0.64746	-0.643354
-0.695345	-0.715921	0.0628656
-0.452659	0.276304	-0.847795
-0.842287	-0.482613	-0.240077
0.132838	-0.764083	0.631293
-0.697286	0.03028	0.716153
-0.70217	-0.40421	0.58615
0.929111	0.306606	0.206748
0.409379	0.856332	0.31481
0.181746	0.61704	0.765656
0.559096	0.754345	0.344059
0.608552	0.405756	0.681929
0.691156	0.722661	-0.00803503
-0.30561	-0.462557	0.832252
-0.21935	-0.801774	0.555917
-0.62685	-0.547284	0.554562
-0.214128	-0.728374	-0.650862
-0.865812	0.129459	-0.483333
-0.878352	-0.241763	-0.412369
-0.24246	-0.796781	-0.553492
0.912031	-0.410093	-0.00478533
0.149308	-0.943347	-0.296316
0.950218	0.307757	0.048696
0.840674	-0.136011	0.524184
0.703923	0.116093	0.700724
0.776848	-0.428275	0.461614
0.994211	-0.0717441	-0.0799874
0.882993	-0.214242	0.417641
0.899895	-0.380434	0.213209
0.0963484	0.0623226	-0.993395
-0.133519	0.374375	-0.917614
-0.52361	-0.38906	-0.757935
-0.18655	0.431322	-0.882701
-0.903736	-0.368662	-0.217598
-0.905954	0.354076	-0.232115
-0.702899	-0.000707697	-0.711289
-0.982949	0.144156	-0.114154
-0.40995	-0.446691	0.795241
-0.941541	0.209903	0.263516
0.622815	0.544934	-0.56138
0.724621	0.630332	0.278576
-0.299564	0.944752	0.133061
0.800483	0.595674	-0.0663262
0.485158	0.526314	0.698295
0.233392	0.860485	0.452873
-0.524745	0.205154	0.826169
0.145034	0.00444589	0.989417
-0.412357	-0.755116	0.509668
-0.264381	-0.927257	0.265136
0.740601	-0.234677	-0.629633
0.655892	-0.156053	0.738548
-0.523424	0.741128	-0.420424
0.576431	-0.569826	0.585684
0.0438869	0.798815	-0.599974
-0.146805	0.773739	-0.616259
0.0397987	0.8796	0.474046
-0.389957	0.862524	0.32247
-0.628501	-0.534679	0.564893
-0.445848	0.690383	0.569729
-0.0615655	0.677118	0.733295
0.333244	0.93058	0.151556
0.0525476	0.667306	0.742927
-0.145325	0.540474	0.828715
-0.686789	-0.262163	0.677932
-0.275541	0.527647	0.803533
-0.969273	-0.0695354	0.235954
-0.0197862	0.370645	0.928564
-0.70419	0.387055	0.595235
-0.617511	0.635473	0.463523
-0.683118	0.554038	-0.475806
-0.746494	0.305293	0.591221
-0.416667	0.703933	0.575211
-0.872307	-0.37576	0.312866
-0.806627	0.0939636	0.583545
-0.976142	-0.193522	0.0984644
-0.00465403	0.813203	0.581962
-0.778464	-0.627529	-0.0141646
-0.576365	0.00892032	0.817144
-0.0241711	0.908098	0.418061
-0.220421	-0.158505	0.96244
-0.0511518	0.200746	0.978307
0.291194	0.103111	0.951091
0.401979	0.363418	0.840441
0.433172	0.29785	0.850675
-0.100867	-0.162806	0.981489
0.14334	-0.831822	0.536215
0.0640796	-0.863606	0.500078
-0.264351	-0.805271	0.530714
0.906119	0.202641	0.371328
0.751855	-0.574522	0.323478
0.173167	-0.325295	0.929622
-0.0864479	-0.862592	-0.49846
0.399681	-0.772155	0.493995
-0.147681	0.918369	0.367135
0.104931	0.283085	0.953337
-0.0508912	-0.414109	0.908803
0.4227	-0.0112181	0.9062
0.206474	-0.887198	0.412612
-0.490032	0.529582	0.692395
0.475891	-0.75906	0.444248
0.0602832	0.568945	0.820163
-0.211327	0.768578	0.603845
-0.824	0.477636	0.304775
-0.0560053	0.467214	0.882368
-0.232785	0.581913	0.779223
0.544449	0.82141	-0.169888
0.127812	0.835292	0.534744
-0.698474	0.504056	0.507998
0.00645522	0.228618	0.973495
0.727863	0.401049	0.556215
0.0429545	-0.964322	0.261224
0.526614	0.817858	-0.231919
0.803911	0.590785	0.0685565
-0.244067	-0.417677	0.875201
0.215313	-0.53673	0.815819
0.702659	0.112262	-0.702614
-0.0799153	0.197335	0.977073
-0.29954	-0.301591	-0.905162
0.924918	-0.0303315	-0.378955
0.612223	-0.704028	0.3599
0.221496	-0.114157	-0.968456
0.0722024	0.494258	-0.866312
0.981923	0.187264	-0.0275688
-0.980085	0.0878919	-0.17807
0.631603	-0.564169	-0.531781
0.778528	0.457796	-0.429322
0.559164	0.239781	0.793625
-0.548647	-0.663858	0.508211
-0.439475	-0.185698	0.87885
0.709504	-0.265161	0.652911
0.30739	-0.325058	0.894343
-0.564746	-0.176248	0.806225
-0.188595	-0.44197	0.87698
0.459794	-0.805999	-0.372767
0.105213	-0.728019	0.677435
-0.780551	0.233427	0.579873
0.242856	-0.567447	0.786781
-0.58401	-0.224531	0.780075
0.846586	0.0410787	0.530665
-0.780782	-0.0365523	0.623734
-0.568538	0.694781	0.440504
-0.557495	0.272179	0.784295
0.265575	-0.101271	0.958757
-0.663885	0.51319	0.543961
0.182979	0.982517	0.0343317
-0.532175	0.342968	0.774056
-0.606355	0.387462	0.694411
-0.332082	0.567714	0.753274
0.0792884	0.907972	0.411461
0.0965975	0.951355	0.292563
0.95903	-0.278396	0.0525146
-0.0102167	0.39358	-0.919233
-0.12906	-0.158845	-0.978832
-0.304962	-0.514407	-0.801488
0.339504	-0.90723	-0.248335
-0.019568	0.98928	-0.144711
0.65908	-0.670958	0.339748
0.856021	0.462584	-0.230745
0.370294	-0.247985	0.895201
0.704122	0.650593	0.284501
-0.473008	0.526628	-0.706347
-0.479845	0.296316	0.8258
-0.159637	0.530756	-0.832355
0.424165	0.8226	-0.378698
-0.770141	0.553353	0.317305
0.812085	0.577921	-0.0807805
-0.496149	0.855999	0.145266
-0.068327	-0.37364	0.925054
-0.774585	0.620417	-0.122886
0.433239	0.879855	-0.195346
0.731105	0.674748	0.100998
0.0818217	0.974196	-0.210352
0.650099	0.373294	-0.661833
0.166932	0.985879	0.013273
0.417126	0.737543	-0.531071
0.6379	-0.46962	-0.610361
0.449967	0.234015	-0.861839
0.14844	0.445641	-0.882819
0.991903	-0.0671533	-0.107795
-0.0400821	0.381892	-0.923337
0.774805	0.580032	0.251477
-0.602666	0.684048	-0.410941
-0.552617	0.533335	-0.640444
-0.0747812	0.472041	-0.878399
-0.474606	-0.493259	-0.729002
0.466187	0.4651	-0.752563
-0.181617	0.982368	-0.0443732
-0.00254876	0.994595	0.103797
0.464598	0.707838	0.532085
0.723458	-0.229327	-0.651167
0.999462	-0.0327415	0.00199042
0.880873	0.103885	0.461813
0.637653	0.189984	-0.746528
0.0320496	0.375371	0.92632
0.231484	0.945638	0.228438
0.934245	0.265638	0.237957
0.610844	0.678621	-0.407852
-0.419642	0.875546	0.239416
0.652028	0.75451	-0.0746569
0.615855	0.781184	-0.102338
0.760741	0.590678	0.269021
0.894441	0.218413	-0.390219
0.790773	-0.0875837	-0.605811
0.575548	0.336289	-0.745422
0.837604	0.45363	0.304369
0.202671	0.329701	-0.922075
0.835826	-0.499726	-0.22731
0.866761	-0.0243557	-0.498129
0.395896	-0.565135	-0.723802
0.919733	0.387315	-0.0638694
-0.0686048	0.745393	-0.663085
0.0526748	0.998603	0.00412202
-0.0780798	0.987216	-0.138952
-0.465868	0.603145	0.647443
0.696253	0.238067	0.677168
0.939419	0.131089	-0.316714
-0.292062	0.747473	0.596644
0.530072	0.725114	0.439582
-0.060907	0.57069	0.818904
0.109567	0.818909	0.563368
0.578808	0.391029	0.715596
-0.679727	0.272746	0.680868
0.699247	0.645341	0.307552
0.789884	0.613144	-0.0117339
0.968915	0.24596	-0.026604
0.630484	0.677791	-0.378272
0.830829	0.526831	-0.179367
0.42223	0.899282	-0.114082
0.108421	0.745263	-0.657897
-0.537992	0.100548	0.836931
0.412157	0.890717	-0.191701
0.73343	0.671755	-0.10405
0.101206	0.517167	-0.84988
0.527814	0.615012	-0.585809
0.539643	0.634539	-0.553305
0.764	0.339385	-0.548746
0.193071	0.429137	-0.882363
0.658802	0.75104	-0.043799
0.938717	-0.214515	-0.269803
0.434966	0.524297	0.732063
0.778466	0.423514	0.463278
-0.794847	0.238093	-0.558148
0.337456	0.586084	-0.736633
-0.125195	0.780273	-0.61278
0.410373	0.697946	-0.586912
0.997416	-0.00587532	-0.0716046
0.815087	0.474766	-0.33201
0.864236	-0.424205	-0.270456
0.335212	0.0230881	0.94186
0.502832	0.262263	0.823637
-0.00168373	-0.248443	0.968645
-0.274122	-0.936604	0.218241
0.0915116	0.00595001	-0.995786
0.614336	0.18438	-0.767199
0.893068	0.319951	-0.316325
0.254133	0.44003	-0.861272
-0.417705	0.857867	0.299312
0.215505	-0.144937	-0.965687
0.406499	-0.800083	0.441165
0.713844	-0.197302	0.671937
0.318927	-0.747195	0.583083
0.433967	-0.554157	0.71034
0.579252	-0.232546	0.781274
0.62064	-0.656695	0.428436
-0.0525505	-0.454793	0.889045
0.944098	-0.22405	0.241828
0.574987	-0.114797	0.810069
0.263082	-0.962097	-0.0718103
0.996413	-0.0726694	0.0433638
0.671164	0.69568	0.256062
0.672062	0.331609	-0.662093
0.929402	-0.119681	0.349125
-0.317693	0.94641	0.0581293
-0.310166	-0.950615	-0.011337
-0.43638	0.231733	-0.869409
-0.420682	-0.371831	0.827507
-0.0135557	-0.134578	-0.99081
0.527851	-0.172497	-0.831636
-0.872023	0.0513663	-0.486763
0.115546	-0.993122	-0.0189029
-0.351152	0.904372	-0.242493
-0.247281	0.514757	-0.8209
-0.448211	0.758052	-0.473776
-0.899424	-0.0285733	0.436142
-0.339395	0.926963	-0.159845
0.216874	0.502089	-0.837181
-0.577646	0.663227	0.475874
0.771895	0.293095	-0.564157
-0.258837	0.797764	-0.544588
0.0836017	0.996333	-0.0181792
-0.513197	0.858226	-0.00878855
-0.464824	0.479723	-0.744181
0.340641	-0.881961	0.325743
0.467022	-0.77312	-0.429157
0.659762	-0.684461	-0.310204
-0.362154	-0.873504	0.325324
0.126694	-0.921775	-0.366443
-0.703237	-0.635854	0.318036
-0.970173	0.122174	-0.209373
-0.382996	-0.752972	0.535114
-0.602978	-0.564915	0.563284
-0.17817	-0.409978	-0.894524
0.0365102	0.77132	-0.6354
0.774339	-0.480878	0.411285
0.037662	-0.0274372	0.998914
0.817912	0.299436	0.491282
0.906302	0.266824	-0.327752
0.364621	0.108027	-0.924868
0.0508398	0.99674	0.0626539
-0.37479	0.908557	0.184543
0.135612	0.468938	0.872758
0.974666	0.223202	0.0143866
0.0574801	-0.876644	0.477695
-0.375064	-0.308703	0.874088
-0.892128	-0.273278	0.35976
0.300077	-0.953745	-0.0180311
-0.133949	-0.890434	-0.434954
-0.0275915	-0.999217	-0.0283647
0.0786632	-0.789988	0.608056
-0.885102	-0.106271	-0.453101
-0.550842	-0.66454	0.504935
-0.551903	-0.682107	-0.479722
0.0717563	-0.735004	-0.674256
-0.0963015	-0.764645	0.637216
-0.400831	-0.705045	-0.585018
-0.251484	-0.599282	-0.760011
0.569881	-0.450722	-0.687085
-0.0877714	-0.761024	-0.642759
0.0376684	-0.867317	-0.496329
-0.715221	-0.558266	0.420473
-0.524814	-0.516295	0.676764
-0.798563	-0.230731	-0.555932
0.387259	-0.758188	0.524577
-0.507596	0.163784	-0.845885
-0.167069	-0.904274	-0.392908
-0.134777	-0.218027	-0.966592
0.00422095	-0.649948	-0.759967
-0.331728	-0.569453	-0.752117
0.642469	-0.64817	-0.40879
0.331098	-0.358902	-0.872676
0.735816	0.0910581	-0.671032
-0.134928	0.0316795	-0.990349
0.252294	-0.0776543	-0.96453
0.0550863	-0.967065	-0.248495
0.0305716	-0.881631	0.470948
0.801794	-0.550761	-0.231925
0.407861	-0.537741	-0.737892
-0.8638	-0.308252	-0.398535
-0.732284	-0.679742	0.0413559
-0.0834728	-0.608806	-0.788915
-0.908785	-0.0625592	-0.412549
-0.581047	-0.576515	-0.574469
-0.659376	-0.517277	-0.54557
0.748409	-0.2314	-0.621561
-0.363397	0.136769	-0.92154
0.936787	0.145692	0.318125
0.159429	-0.931114	-0.328038
0.850509	0.342495	-0.399163
0.297163	0.770412	-0.564056
-0.675916	-0.58642	-0.446373
0.104155	-0.631797	-0.768104
-0.853931	-0.25603	-0.453045
-0.811158	-0.413897	-0.413174
-0.540183	-0.837687	-0.0805114
-0.965613	-0.219208	0.139782
-0.220037	-0.446152	-0.867486
-0.493982	-0.652462	-0.574696
-0.014915	-0.862822	0.505287
0.954829	-0.0849819	-0.284744
0.0538745	0.229445	0.971829
0.384109	-0.54688	0.743896
-0.542072	-0.547747	-0.637284
-0.802785	-0.547699	-0.235716
0.0747485	-0.981998	-0.173473
0.0675763	-0.671797	-0.737646
-0.311729	-0.947266	-0.0742473
0.294268	-0.955708	0.00533656
-0.625849	-0.76426	-0.155627
0.405334	-0.606114	-0.684347
0.474166	-0.587079	-0.656128
-0.274961	-0.0367306	-0.960753
0.195674	0.936981	-0.289443
-0.0339324	0.370982	-0.92802
-0.79524	-0.354143	-0.492113
-0.973688	0.19912	-0.110828
0.445035	0.247262	-0.860701
-0.724257	0.558288	-0.404681
-0.883869	-0.202014	-0.42186
-0.0920493	-0.975962	-0.19755
-0.947374	0.0804423	-0.309858
0.05249	0.587367	-0.807617
0.629662	-0.775807	0.0406091
-0.734421	0.358247	-0.576442
-0.82055	0.157244	-0.54952
0.177167	0.47276	-0.863198
-0.905013	0.248362	-0.345351
-0.328896	0.13685	-0.934398
-0.759669	0.061747	-0.647371
0.174956	-0.54543	-0.819693
-0.535883	0.275717	-0.798003
0.358964	-0.122495	-0.925278
-0.980958	0.120363	0.15243
-0.999857	-0.0109749	0.0128876
-0.592339	0.18706	-0.783673
-0.829719	0.0955733	0.549938
0.473072	-0.461249	-0.750635
-0.499994	-0.71233	0.492536
0.267611	-0.870534	-0.412983
0.253489	-0.944324	0.20975
-0.884252	0.3809	0.27021
-0.572891	0.421239	-0.703102
-0.402558	0.653749	0.640749
-0.60597	0.781541	-0.148308
-0.946783	-0.316441	0.0588765
0.326767	0.778935	-0.535241
-0.183651	0.371982	-0.909891
0.681259	-0.599631	0.419916
-0.951527	0.307565	-0.000721694
-0.728783	0.483086	-0.485286
-0.49389	-0.255379	-0.831176
0.949941	0.273691	-0.150687
-0.784614	0.446238	-0.430409
0.104524	0.936973	-0.333401
-0.216796	-0.478059	-0.851152
0.751755	0.536701	-0.383167
-0.998767	-0.0276929	0.0412137
-0.585477	0.760579	-0.2806
-0.292158	-0.948595	-0.121704
-0.749148	0.191982	-0.633972
-0.538068	-0.528423	-0.656697
-0.424992	0.853814	0.300639
-0.672764	-0.699163	-0.241992
-0.890963	-0.287798	-0.351222
-0.886227	0.12989	0.444669
-0.314786	-0.386058	0.867104
-0.890477	-0.293852	0.347421
-0.939254	-0.304556	0.158262
-0.633867	-0.14559	0.759616
-0.789951	0.545439	0.280131
-0.427752	-0.880656	-0.20365
0.320588	-0.942796	0.0914313
0.0997841	-0.859784	-0.500814
0.0912342	-0.486095	-0.86913
0.0109997	0.746552	-0.665236
-0.625474	0.0279837	-0.779743
-0.465476	-0.414463	-0.782018
-0.547764	0.275635	-0.789924
-0.299482	-0.871528	-0.388265
0.116436	-0.969622	-0.215119
-0.685377	-0.517484	-0.512318
-0.275323	-0.879927	0.387203
0.293837	-0.406022	0.865336
-0.357751	-0.673363	-0.64699
-0.349217	0.136739	-0.927011
-0.460071	0.831405	-0.311609
-0.197546	0.0813523	-0.976912
0.92551	0.29007	-0.243497
-0.379005	0.717532	0.584382
-0.86552	0.312245	-0.391635
-0.916771	0.392648	0.0731939
-0.237896	-0.278655	-0.930461
0.384663	0.697249	0.604879
-0.652563	0.742306	0.152133
-0.708227	0.668225	0.227792
-0.2074	-0.700446	-0.682906
-0.60917	0.754969	-0.242761
-0.687561	-0.722375	-0.0737163
-0.236367	-0.960552	-0.146531
-0.501139	0.00965027	-0.865313
0.672658	-0.73958	0.0235267
0.892929	-0.223134	0.391009
0.244925	-0.865323	-0.437295
0.386098	0.758386	0.525147
0.385519	0.895533	-0.222252
0.929178	0.351484	0.114395
0.760953	0.623802	-0.178385
0.65342	0.676181	-0.340326
0.103562	0.849731	-0.516945
-0.0924237	0.742857	-0.663039
-0.690124	-0.165181	0.704588
-0.810596	-0.151537	0.565659
-0.580915	0.169554	0.796109
-0.787876	-0.221775	0.574516
0.423331	0.874876	0.235337
-0.893767	0.156497	0.420345
-0.444182	-0.395564	0.803885
-0.837953	0.54549	0.0166003
0.542527	-0.559209	-0.626857
0.754801	0.615581	0.226573
0.457074	-0.459282	-0.761671
0.991834	0.011683	0.127002
0.97271	-0.0469631	-0.22722
0.205253	-0.275008	-0.939277
0.310808	0.942231	-0.124897
0.315576	0.61132	-0.725741
0.556659	0.800485	0.222157
0.262182	0.815129	-0.516551
-0.21833	0.965487	-0.142011
0.579209	0.358463	0.732135
0.599366	0.763624	0.24008
0.362906	0.877714	-0.312918
0.107805	0.875045	0.471884
-0.194823	0.74818	-0.634248
-0.729872	0.680845	0.0611383
0.00376849	0.595066	-0.803668
-0.478659	0.87713	0.0390879
-0.214544	0.885635	-0.411851
-0.00306514	0.993068	0.117502
-0.67978	0.40944	-0.608488
-0.65346	0.737758	0.169417
-0.269472	0.370138	-0.889035
-0.126808	-0.0805906	-0.988648
0.753548	0.1729	-0.634249
-0.428721	0.896876	0.10868
0.57569	0.664005	-0.477156
-0.614352	-0.0564425	0.78701
-0.488575	0.624552	0.609286
-0.901462	-0.170142	0.398016
-0.862057	-0.494714	0.110069
0.291204	-0.891321	-0.347488
0.768927	0.442168	0.461778
0.257744	0.963694	-0.0697282
0.521209	0.567046	0.637809
-0.277594	0.950236	-0.141395
-0.0532727	-0.363026	0.930255
-0.14518	0.206983	0.967513
-0.861677	-0.507229	0.0151916
0.383821	-0.893436	0.233353
-0.00227833	-0.912444	0.409195
0.0539914	-0.986637	0.153726
-0.0831777	-0.628575	0.773288
0.63501	0.522475	0.569018
0.159381	-0.536571	0.828667
0.356475	0.436501	0.826071
0.619414	0.764104	0.180197
0.75464	-0.460681	0.467217
0.839899	0.373516	0.393771
0.731192	0.237449	0.639512
-0.457824	-0.380492	0.803507
0.887043	0.459984	0.0396159
0.544073	-0.258593	0.798194
0.904819	0.255951	0.340281
0.845508	0.533765	0.0144989
0.958958	0.0267672	0.282283
0.534738	0.843548	-0.0498133
0.401955	0.874736	-0.270684
0.901123	0.193551	0.387963
-0.677295	-0.135671	-0.723094
-0.0303772	-0.972628	-0.230372
0.094277	-0.408716	0.907779
0.875249	-0.464748	0.133971
0.408131	-0.532546	0.741502
-0.190539	-0.312697	0.930546
0.661408	-0.489684	0.568111
0.21581	-0.640475	0.737034
0.328688	-0.554483	0.764534
0.132627	0.142769	0.98083
0.261197	-0.144924	0.954344
-0.0398678	0.467899	0.882882
0.733753	0.666623	0.131223
0.70184	-0.0653783	0.709328
0.919873	-0.205354	0.33416
0.758481	-0.332682	0.560383
0.905845	0.0373201	0.421963
-0.377689	-0.883923	0.275739
-0.883101	-0.468605	-0.0232739
-0.894875	0.0780127	0.439445
0.119101	-0.797734	0.59113
0.567491	-0.773778	0.281464
0.568383	-0.763747	0.305992
0.933963	-0.310034	-0.177739
0.979127	0.0819541	0.185996
0.893313	-0.249978	-0.373501
0.779173	0.406799	-0.476869
-0.441403	0.819369	-0.365784
0.537016	0.815968	0.214036
-0.471758	0.876709	0.0939435
-0.168147	0.126972	0.97755
-0.803379	-0.493649	-0.333005
-0.434652	-0.801677	-0.410355
-0.49632	-0.368689	-0.785961
-0.200141	-0.79805	0.568384
0.655166	-0.74817	0.104878
0.582122	-0.651489	0.486514
0.968559	-0.204623	-0.141504
0.209343	-0.820219	-0.532369
0.087353	-0.0729116	0.993506
0.882806	0.334189	0.330109
0.980692	0.194635	-0.0189627
0.27461	-0.653925	0.704962
0.377394	-0.0993763	0.920705
-0.158979	-0.456558	0.875375
0.424191	-0.214324	0.879845
0.826115	-0.313813	0.468033
0.0489158	0.0680612	0.996481
0.590872	0.491126	-0.640051
0.720783	-0.687127	-0.091263
0.00942402	0.791354	0.611286
0.878514	0.0379927	0.476204
0.0899026	0.995925	-0.00708031
0.907457	-0.37525	0.188969
0.629292	0.319924	0.708266
0.957289	0.287037	-0.0347404
0.628167	-0.0223148	0.777758
0.802638	0.418457	0.425047
0.623723	0.523219	0.580699
-0.00486882	0.668512	0.743686
0.904816	0.369438	0.211716
0.72729	0.680174	-0.0917183
0.845909	0.332406	0.417066
0.379645	0.573591	0.725853
0.852672	0.414199	0.318417
0.414792	-0.899929	-0.134447
0.929229	-0.363468	0.066516
0.986396	-0.164068	-0.010225
0.602886	0.242377	0.760119
0.801144	-0.467058	-0.3742
0.824417	0.542022	-0.162937
0.996444	-0.0838044	-0.00874769
-0.565705	0.613573	0.550913
-0.770249	0.465211	-0.436228
0.275078	0.713379	-0.644532
0.319643	-0.836278	-0.445496
-0.206413	0.730782	-0.650655
-0.162684	0.557528	0.814062
-0.436897	0.240237	0.866838
-0.020428	-0.427866	0.903611
-0.265708	0.441445	0.857045
0.826885	-0.0761058	0.557198
0.0886604	0.413383	0.90623
0.974292	0.207455	-0.087848
0.436761	0.77112	0.463265
0.571474	0.403917	0.71433
0.136145	0.0944256	0.986179
0.0284746	-0.405053	0.91385
0.50831	0.104912	0.85476
-0.53532	-0.786115	0.308959
-0.492538	-0.192443	0.848748
-0.906967	-0.379133	-0.183491
-0.697072	-0.59062	0.406519
-0.422563	-0.408059	0.809277
-0.190744	-0.784154	0.590524
0.170409	-0.983202	-0.0653861
-0.821281	-0.490191	0.291909
0.78355	0.260688	0.563996
0.313407	-0.572843	0.757382
0.722671	0.57685	-0.380777
0.96449	0.229658	0.130449
0.533861	0.83047	0.159096
0.0164309	-0.0510258	0.998562
0.568248	-0.707172	0.420717
-0.477351	-0.688795	0.545616
0.556632	-0.40048	0.727857
