2175
0.2832	-0.958499	-0.0328244
-0.96589	0.0174686	0.258362
-0.543202	0.715096	-0.439964
-0.240286	-0.480967	-0.843169
0.192621	0.0488748	-0.980055
-0.00759357	0.584142	0.811616
-0.93855	0.0161109	-0.344768
-0.021492	0.779845	-0.625604
-0.77006	0.216657	-0.600056
0.184466	0.880937	0.435802
-0.709555	0.69092	0.138422
0.644752	-0.521877	-0.558516
0.941391	0.270747	0.201195
0.38694	0.0254307	-0.921754
-0.887065	0.461376	-0.0157663
0.0271064	-0.855882	-0.51646
0.96702	-0.251438	0.0406252
0.642998	-0.593737	-0.483766
0.534865	0.583567	-0.611039
-0.808434	0.5849	0.0657666
-0.804202	-0.334916	-0.491009
-0.873938	-0.338138	-0.349134
-0.650841	-0.757949	-0.0437942
0.593182	-0.801717	-0.0733795
-0.958373	-0.261117	-0.115496
0.76585	-0.633065	-0.112703
-0.465125	-0.871225	-0.156926
-0.106156	0.547867	-0.829803
0.749232	0.590786	-0.299373
-0.604405	0.0531856	-0.7949
-0.61017	-0.634583	-0.474339
-0.904156	-0.217642	0.367605
-0.559214	0.742227	-0.369296
-0.317276	-0.947559	-0.0383082
-0.13569	0.400918	0.906009
0.576334	-0.192567	0.794202
-0.357619	0.574484	-0.736259
0.950529	0.269797	0.153964
-0.202946	0.481145	-0.852826
-0.888738	0.0873842	0.450011
0.0397463	0.172859	-0.984144
0.311415	-0.700512	0.642108
-0.971034	-0.175507	0.16214
0.709878	-0.0043961	-0.70431
0.51595	0.408543	-0.75292
-0.754948	0.61447	-0.229084
-0.404462	-0.158706	-0.900679
-0.54082	-0.0212298	-0.84087
-0.516753	0.82559	-0.226644
-0.0468075	-0.518559	-0.85376
-0.284807	0.954564	0.0877056
-0.512407	0.831936	-0.212889
-0.0326517	0.328157	-0.944059
0.936356	-0.319253	0.145996
0.384268	-0.486456	-0.784665
-0.488634	0.536341	-0.688168
-0.152253	-0.2912	0.944469
0.184974	0.744031	0.64203
-0.641907	0.471881	0.604387
-0.278399	0.930704	-0.237244
0.731929	-0.681316	0.009465
-0.987268	-0.140849	0.0739116
-0.876227	0.405265	0.260741
0.602002	-0.260036	0.754967
0.121977	0.876062	0.466515
0.130953	0.150716	-0.979865
-0.0478651	-0.222225	0.97382
0.226469	-0.0974831	0.969128
0.33014	0.822784	-0.462639
-0.490558	-0.309312	-0.814665
-0.831839	-0.0479352	0.552943
-0.298355	0.944416	0.138065
-0.0224101	0.139777	-0.989929
0.171836	0.979267	-0.107283
0.686562	-0.62009	0.379632
0.413068	0.159817	0.896568
0.117313	0.46307	-0.878524
-0.963797	0.121615	-0.237286
-0.164591	-0.671672	0.722334
0.103763	-0.758146	0.643776
0.517845	0.542156	0.661743
0.277768	0.117611	0.953421
-0.358009	0.0438176	0.932689
0.90848	0.0153566	-0.417646
-0.814593	0.0344476	-0.579009
0.0071916	-0.970102	-0.24259
-0.98318	-0.172186	-0.0609091
0.994631	0.0874539	-0.0553338
0.704937	-0.655495	-0.270907
0.528822	0.719883	0.449573
-0.0883052	-0.229853	0.969211
0.514053	0.646138	-0.564142
-0.869341	0.463516	-0.171463
0.989663	-0.0177921	0.142308
0.0390774	0.25301	0.966674
-0.521416	0.766883	-0.374187
-0.346554	0.394915	-0.850848
-0.808909	0.485511	-0.331579
-0.356277	-0.237648	-0.903654
-0.582654	0.141107	0.800377
-0.916049	-0.397308	0.0547839
-0.577551	-0.638339	0.508879
0.104977	-0.600255	0.792889
-0.38956	-0.849045	0.356884
-0.280223	-0.870021	-0.405633
-0.83163	0.0298227	-0.554529
-0.945897	0.244394	0.213424
0.958036	-0.0808851	-0.275
0.268762	-0.0484685	-0.961986
0.441485	-0.769485	0.461503
0.0178586	0.650409	0.759374
-0.319873	-0.917991	0.234465
0.646184	0.734915	0.205783
-0.188448	0.833946	0.518672
-0.420181	0.266417	0.86745
0.605191	0.560435	0.565382
-0.880031	-0.302017	0.366513
0.99351	-0.025541	0.110836
0.358266	-0.917701	-0.171666
-0.0708932	-0.950077	0.303856
-0.482623	-0.158915	-0.86129
0.617449	0.693514	-0.371207
0.567442	0.0658799	0.820773
0.426425	0.183351	0.885745
0.925641	0.372896	-0.0643196
0.406105	0.739932	-0.536264
0.854696	-0.508928	0.102408
0.573306	-0.815452	0.0797378
0.325595	0.944163	0.0504469
0.91312	0.395281	-0.0998223
-0.951207	0.303993	0.0528531
-0.102049	-0.741006	0.663699
-0.693825	0.617854	-0.36995
0.294421	-0.92767	0.229664
-0.773262	-0.545107	0.323921
0.998472	-0.0511317	0.0209791
0.0362804	-0.973938	0.223895
-0.861442	0.506281	0.0399735
-0.961506	-0.250873	-0.112108
0.674975	-0.337905	0.655918
0.911654	-0.158851	-0.379017
0.532913	-0.732996	0.422755
0.201561	-0.214654	0.955666
-0.517894	0.318644	-0.793884
-0.801805	0.470153	-0.368869
-0.464745	-0.879477	0.102631
0.771022	-0.147523	0.619485
0.971385	-0.207971	0.114713
-0.482561	-0.861504	-0.157944
0.117539	-0.121445	0.985614
-0.688639	0.695542	-0.204935
0.816128	-0.0123963	0.577738
0.105516	-0.252486	0.96183
0.236295	-0.795734	-0.557649
0.999514	-0.0282811	-0.0131239
0.0794694	0.983616	0.161813
-0.636922	0.302872	-0.708942
0.109369	0.299104	0.947932
0.719719	0.167182	-0.673836
0.962026	-0.174491	-0.209901
-0.425271	0.807595	-0.408577
-0.604717	0.634264	-0.481691
0.414875	0.820327	-0.393628
-0.659602	-0.204184	0.723349
-0.22522	-0.221134	0.948881
-0.257329	0.4476	-0.856409
-0.949042	0.31302	-0.036578
0.492676	0.342453	0.799998
-0.646568	0.737187	0.196228
-0.948592	-0.269931	-0.165259
0.436487	-0.795144	0.420982
-0.101337	0.441528	0.891507
-0.827818	-0.158598	-0.538112
0.134985	0.300561	-0.944162
0.0150808	-0.0525133	-0.998506
0.0538484	-0.314076	-0.947869
-0.754738	0.31295	0.57657
0.743487	0.667025	-0.0479979
0.0916497	-0.265452	0.959758
0.224096	-0.668915	0.708755
0.495848	0.440528	0.748378
-0.477485	-0.727652	0.492475
0.900796	-0.29985	-0.314096
0.802825	0.335506	0.492857
-0.985366	-0.145024	-0.0895689
-0.895369	-0.101525	0.433598
0.135943	-0.816827	-0.560636
0.350682	-0.929547	0.113864
0.489429	-0.76972	-0.409866
0.738766	-0.382375	-0.55499
0.975504	-0.19528	-0.101282
-0.753341	-0.637322	0.162166
0.0862867	-0.673253	0.73436
-0.811029	-0.518055	0.271756
0.0880704	-0.894321	-0.438673
-0.0940699	0.468363	-0.878514
-0.861249	-0.403571	-0.308838
0.420953	0.595878	0.683906
0.390373	-0.591584	0.705434
0.0184989	0.302403	0.953001
-0.887306	0.373386	-0.270686
-0.831001	0.341588	-0.439039
-0.3982	0.842163	-0.363591
-0.860924	-0.342037	-0.376591
-0.435225	-0.128334	0.891128
-0.854725	-0.0206954	-0.518668
0.561032	0.565881	-0.604171
0.0199424	-0.757691	-0.652309
-0.936521	-0.343361	0.0709385
0.120595	-0.656769	0.744386
-0.361665	0.575647	0.733368
0.526893	0.377005	-0.761742
0.922567	0.349765	0.162894
-0.301447	0.929589	0.212117
-0.831175	-0.551706	-0.06906
-0.838001	-0.124536	0.531267
-0.187351	-0.716933	0.671496
0.12268	0.382309	-0.915854
0.276153	-0.849206	-0.450099
-0.391728	0.893606	0.219128
-0.428042	0.690292	-0.583332
0.72174	0.147082	0.676356
0.378054	-0.163909	0.911158
0.81557	-0.493786	-0.301696
0.961072	-0.274286	-0.0332928
-0.286612	0.498229	-0.818304
0.450292	0.442072	0.775764
0.659633	0.727816	0.187531
-0.530054	0.489989	-0.692065
0.339992	-0.938748	0.0561912
-0.122491	0.965656	0.229139
0.371089	0.841879	0.391832
0.932136	0.169608	0.319931
0.631493	0.694054	0.345697
-0.482136	-0.265167	-0.835004
0.00635571	-0.145312	-0.989365
0.761652	-0.436282	-0.479109
-0.13532	-0.990802	-0.000738414
0.595438	-0.284607	-0.751301
-0.3032	-0.850551	-0.42969
0.410923	-0.758992	0.505049
-0.91364	-0.169012	0.369725
-0.549177	0.678828	-0.48744
0.899185	-0.251248	0.358248
-0.140145	0.90919	0.392088
-0.279444	0.377068	0.883024
0.339033	-0.753719	0.562996
0.400706	0.856263	0.325957
0.917891	-0.326026	-0.226236
0.64038	-0.14796	0.753672
-0.0868262	-0.841108	0.533853
-0.395441	-0.580252	-0.711993
0.114782	-0.775908	0.620315
-0.110392	-0.861472	0.495662
0.546298	-0.79724	0.256839
-0.818311	-0.559404	0.132041
-0.930216	-0.041134	-0.364699
0.933688	-0.357615	-0.0183776
-0.684005	-0.658044	-0.314827
-0.775824	-0.0869144	0.624934
-0.785594	-0.259253	0.56181
-0.464347	-0.788293	-0.403702
0.84732	-0.449201	0.283314
-0.433653	-0.840792	0.324059
-0.337409	-0.858445	-0.386299
-0.114681	-0.297613	-0.947773
-0.802326	-0.0656106	0.593269
0.364311	-0.0480428	0.930037
0.8088	-0.587116	0.0337138
-0.498286	-0.829244	0.253113
0.920845	-0.100846	0.376663
0.687331	-0.66263	-0.297484
-0.389846	0.150364	0.908521
-0.714897	0.522054	0.465168
0.496338	-0.792579	-0.354214
-0.490718	0.732505	-0.47184
0.471071	-0.877445	0.0904585
0.797268	0.297579	0.525177
-0.887612	-0.382752	0.256215
0.618017	0.316046	0.71984
0.597838	0.719717	-0.352983
-0.944529	0.142763	-0.295776
0.198477	0.0830079	0.976584
0.183829	0.788735	0.586604
0.919619	0.354211	0.169809
0.893104	0.348882	0.283985
-0.931529	-0.300647	-0.20461
-0.42608	-0.222591	-0.876875
-0.387563	-0.886927	0.251306
-0.53234	0.309925	-0.787756
0.627593	-0.557831	0.543094
-0.10127	0.371977	0.922701
0.73397	0.129081	-0.666802
0.339705	0.738426	-0.582518
0.887633	-0.452676	0.0848047
0.823585	-0.301102	-0.480672
-0.833858	0.13166	-0.536047
-0.758618	0.554089	-0.342759
0.920197	-0.382862	0.0815764
-0.0124881	0.967246	-0.253535
-0.103531	0.867892	-0.485845
-0.657693	0.713485	0.241617
0.780258	0.625046	0.0226775
0.70398	0.263636	-0.659475
0.555415	-0.828555	-0.0707877
0.847001	-0.181777	-0.499546
-0.660493	-0.733255	-0.161512
0.871324	0.444286	0.208338
0.618434	-0.744534	0.251413
-0.509612	-0.729836	-0.455669
0.418327	0.236784	0.87689
0.819984	0.572046	0.0197143
0.089276	0.169884	0.981412
0.511557	0.0780673	0.855695
-0.572321	0.572069	-0.587524
0.700689	-0.699995	-0.137991
-0.980418	0.193746	-0.0352564
-0.69789	0.715316	0.0356652
-0.525958	-0.426649	0.735757
0.838569	0.367488	0.402187
0.335529	-0.86186	-0.380286
0.481465	-0.839951	0.250345
0.825877	0.0157641	0.56363
0.707081	-0.68599	-0.171623
-0.787452	-0.613759	0.0567418
0.843434	-0.536636	0.0253013
0.269755	-0.952089	-0.144078
-0.138502	0.969675	0.201363
0.558814	0.697519	-0.448545
-0.299666	0.819234	0.488934
0.448668	0.863582	0.230051
-0.205011	0.957619	-0.202327
0.0605934	-0.426509	0.902451
0.927017	0.177109	0.330563
0.730907	-0.681406	0.03823
0.360779	-0.641671	0.676828
-0.214546	-0.478521	0.851462
-0.841527	-0.28121	-0.461252
0.178548	-0.0944208	-0.97939
0.292293	-0.936325	-0.194577
-0.936934	-0.159642	-0.310918
-0.290912	0.926357	0.239233
-0.746732	-0.446034	0.493402
-0.94163	-0.324157	0.0908615
-0.335123	0.0451097	0.941094
-0.0956822	0.99217	0.0802667
-0.148519	0.960172	0.236669
0.642191	-0.764361	0.0578102
0.655288	-0.748024	0.105159
0.159159	0.772249	-0.615061
-0.0584613	0.442643	-0.89479
0.255082	0.966617	0.0241968
0.291692	-0.892991	-0.342759
-0.596012	-0.801166	0.0538753
0.635344	-0.345953	0.690401
-0.230576	0.242024	-0.942475
-0.815855	0.203147	0.541397
0.414418	-0.326953	-0.849329
-0.76689	-0.00317121	-0.641771
-0.720025	0.693359	0.0286088
0.638706	0.767669	0.0523364
-0.593638	-0.215208	0.775422
-0.531151	-0.0189576	0.847065
-0.403788	-0.901431	0.156136
0.289466	0.272624	-0.917543
-0.19245	-0.563786	0.803186
-0.465803	0.767691	0.440088
0.12749	-0.272154	0.953771
-0.421389	-0.502719	0.754788
-0.257877	-0.464787	0.847038
0.509733	-0.613355	0.603297
0.213726	0.894144	-0.393481
-0.544475	-0.175829	-0.820141
0.183848	0.598647	-0.779629
0.973909	0.0499346	-0.221379
0.180649	0.526454	-0.83079
-0.479167	0.385654	-0.78846
0.145599	0.73936	-0.657379
-0.255686	-0.270133	0.928252
-0.57132	-0.726621	-0.381596
0.334171	0.891918	0.304651
-0.525927	0.278974	0.803476
0.825275	-0.56456	-0.013879
-0.704339	0.410284	0.579288
-0.0485944	0.75672	0.651931
-0.199269	0.974596	0.102245
0.650695	-0.309646	-0.693336
0.67034	-0.270869	-0.690851
-0.85838	-0.274939	-0.433119
0.113479	0.00619466	-0.993521
0.247399	0.232098	-0.940704
0.483072	-0.434997	-0.759881
0.589048	0.522809	-0.616193
0.694035	0.606757	-0.387506
-0.135394	0.567239	-0.812348
0.568272	0.238823	-0.78742
0.848087	-0.494133	0.191261
0.150329	-0.910771	0.384574
0.625185	0.702118	-0.340841
-0.20093	0.847	0.492157
-0.644727	0.211439	-0.734589
-0.972193	-0.227912	0.0538189
0.593888	-0.804519	0.00687079
-0.10065	0.0356112	0.994284
0.0564364	0.0384807	0.997664
-0.93423	0.177044	0.309628
0.218221	-0.815389	0.536209
-0.805319	0.582995	-0.107604
0.195321	-0.161063	0.967424
0.958433	0.0956715	-0.268798
-0.937562	-0.268742	-0.220805
0.297355	0.250961	-0.921194
-0.559738	-0.766501	-0.314911
0.511617	-0.846803	0.145509
-0.735352	0.633185	0.241525
0.382183	-0.838747	0.387867
-0.316187	0.434209	0.843497
0.0511231	-0.288528	0.956106
0.776401	-0.23068	-0.586505
0.734282	-0.323871	-0.596605
0.621237	-0.091894	-0.778216
-0.895192	0.183233	-0.406271
-0.0568381	0.119886	-0.991159
0.328502	0.43348	-0.839155
-0.861148	0.418615	-0.28842
0.380018	0.916146	0.127526
-0.0154484	0.967285	0.253221
-0.0836179	0.602283	0.793891
0.349911	0.91691	0.191933
-0.399414	-0.00767987	0.916739
-0.265708	0.361679	-0.893637
-0.0859537	0.889733	-0.448315
0.415441	0.787042	0.456041
-0.403696	0.799912	-0.444038
0.973096	0.0498953	0.224932
0.911203	-0.160266	0.379504
-0.61871	-0.760478	-0.197155
0.810268	0.401154	-0.427248
0.999116	-0.0168599	-0.0384986
-0.897475	0.0643972	0.436338
-0.928618	0.287447	-0.234614
0.168052	-0.87348	-0.456936
-0.641545	-0.15118	-0.75204
0.329202	0.65397	-0.681138
0.541375	0.790924	-0.285222
0.0328248	-0.562514	-0.826136
0.238627	-0.825831	-0.510941
-0.310191	0.0953792	0.945878
0.68104	0.533418	-0.501647
-0.611408	0.435362	-0.660788
-0.261537	-0.917961	-0.298238
-0.685772	-0.711037	0.155381
0.0329691	0.135497	-0.990229
-0.781767	-0.476377	0.402375
0.540614	0.113422	-0.83359
-0.862105	0.240289	-0.446136
-0.622073	-0.773905	0.118729
0.00316099	0.989436	-0.144934
-0.294128	0.345338	0.891196
-0.973224	0.223006	0.055713
-0.729298	-0.676957	0.0992668
-0.862072	0.100401	0.49674
0.604522	-0.0686038	0.793629
0.675021	0.482035	-0.55856
-0.221616	0.908145	0.355187
-0.629835	-0.61849	-0.46987
-0.17844	0.845299	0.503616
-0.541168	-0.828812	-0.142155
-0.436349	0.735276	-0.518621
-0.575726	0.402661	0.711621
0.907337	0.407559	0.103126
-0.520018	-0.840612	0.151501
-0.494141	-0.56931	-0.657048
0.833832	-0.229019	-0.502268
0.161816	-0.677651	0.717359
0.672846	0.48887	0.555234
0.331854	0.867268	0.371105
-0.87678	0.288029	-0.385092
-0.840033	-0.537374	-0.0746554
-0.688419	-0.179445	-0.702766
0.748641	-0.641462	0.167518
-0.451697	-0.660732	0.599502
-0.167328	-0.921206	-0.351255
-0.851801	0.161988	0.498191
-0.881207	-0.233145	-0.411239
-0.883423	-0.143357	0.446107
-0.375398	0.202915	-0.904379
0.471586	0.71896	-0.510591
0.172623	-0.984881	0.0144993
0.879833	0.0469851	0.472954
-0.380363	-0.168234	0.909407
0.843612	-0.534017	0.0560849
-0.769987	-0.0632666	0.634916
-0.282102	0.835706	-0.471184
-0.0328945	0.850765	0.524515
0.576141	0.0535141	0.815597
0.232851	0.542989	-0.806811
0.690122	0.699313	-0.18626
0.795129	0.605934	-0.0247881
0.214808	-0.943224	0.25335
-0.850853	-0.505245	-0.144143
0.570967	0.819018	0.056627
-0.154239	0.170385	0.973231
-0.190152	0.936138	-0.295784
0.191548	0.66091	0.725609
-0.249679	-0.718635	-0.649017
0.102717	-0.567142	0.81719
-0.866909	0.226823	0.44387
-0.19773	-0.960052	0.197997
0.917959	-0.152905	-0.36602
0.41957	0.863069	-0.2812
0.0173955	0.742305	0.669837
-0.113346	0.876565	0.467746
-0.0102144	0.948167	-0.317607
-0.0651377	0.610005	-0.789716
-0.699185	-0.636905	-0.324795
-0.635054	-0.749552	0.186755
0.837181	0.409429	-0.362623
0.230919	0.176698	0.956794
-0.833288	0.408154	-0.372883
-0.875897	0.456484	-0.156289
-0.135267	-0.891817	-0.4317
0.494601	-0.838343	0.229239
-0.836294	0.460048	-0.298275
-0.649857	0.760056	-0.000830752
-0.0531114	-0.908861	-0.413703
-0.14944	0.723842	0.673588
0.899674	-0.317038	-0.300123
-0.751741	-0.405769	-0.519843
0.268237	0.475262	0.837959
0.608084	-0.529598	-0.591405
0.839828	-0.492242	-0.22888
-0.651277	0.131116	-0.747427
0.137984	-0.837027	-0.529477
0.496255	-0.666057	-0.556865
-0.135721	0.0567115	-0.989123
-0.963746	0.164619	0.209986
-0.635029	-0.441755	-0.633712
-0.593836	-0.417236	-0.687949
0.9427	0.301726	-0.142399
0.973541	0.155392	0.167546
0.519802	-0.494681	0.696489
0.594866	0.300869	-0.745394
-0.248605	0.771489	0.585662
0.613557	0.0818616	-0.785396
0.0778782	0.986591	-0.143436
-0.384684	0.919833	0.0769843
0.72502	0.167951	-0.667936
-0.63777	0.752907	0.162422
0.139878	0.604861	-0.78395
-0.129365	-0.13556	-0.982287
0.383879	-0.841961	0.379128
0.159617	-0.869618	0.467212
0.584066	-0.81084	0.037493
-0.195392	0.755415	-0.625436
-0.145472	0.75774	-0.636135
0.5539	-0.830072	0.0646173
0.547175	0.234923	0.803374
0.410202	0.910723	0.048143
-0.0557467	-0.852235	0.52018
0.307202	0.915254	0.260646
0.497347	0.791911	0.354293
-0.650573	0.754587	-0.0857502
-0.366021	0.917929	-0.153083
-0.025259	0.375682	-0.926404
-0.969561	-0.208856	-0.127791
0.243441	-0.234722	-0.941086
-0.839759	0.283858	-0.462849
0.460817	-0.732675	0.500835
-0.401145	-0.636212	-0.659027
-0.336039	0.0914728	-0.937396
0.667928	-0.2937	-0.683822
-0.819411	-0.28048	0.499897
0.442905	0.896568	0.000844193
-0.0250526	-0.825518	-0.563819
0.47433	0.353022	0.806465
0.846059	0.487525	0.215647
-0.704667	-0.0297133	0.708915
-0.915348	0.360829	0.178722
0.965257	-0.179434	-0.189953
0.149607	-0.70364	-0.694628
0.758383	-0.594794	0.266599
0.357202	-0.435202	0.826442
-0.297019	-0.639392	0.709195
-0.938207	0.26861	0.218213
-0.557184	-0.531234	0.63823
0.187175	-0.839958	0.509349
-0.0809032	-0.356284	-0.930869
0.53232	0.243197	-0.810858
0.624374	0.707718	-0.330594
-0.349887	0.924563	-0.150871
0.0672389	0.902647	0.425097
-0.105621	-0.92346	-0.368871
-0.367992	-0.669926	0.644811
-0.0296206	0.128888	-0.991217
-0.679987	-0.695075	0.233426
-0.12685	0.903445	0.409508
0.284002	0.179801	0.941814
0.210375	0.757209	0.618367
0.770323	0.320517	0.551244
-0.802572	-0.568892	0.179559
0.846092	0.0684499	-0.528623
0.621304	-0.692508	-0.366626
0.30951	0.536392	0.785167
0.814167	-0.464537	-0.348337
-0.626393	0.774164	-0.0911134
0.470099	0.794946	0.383493
0.931788	-0.331654	0.147566
0.537628	0.838896	-0.0849087
0.938527	0.0845708	-0.334687
0.821957	0.447899	-0.351814
-0.478007	0.871696	0.107961
0.420339	-0.606969	-0.674465
-0.967624	-0.0542773	0.246489
-0.702039	0.708571	0.0711899
0.269423	-0.7055	-0.655501
-0.478046	0.38594	0.789001
-0.316617	0.258639	0.912612
0.493351	-0.551282	0.672824
-0.435027	-0.898065	-0.0650448
-0.652269	-0.59809	-0.465653
0.119485	-0.931956	0.342319
-0.953561	0.247024	-0.172337
0.498691	0.861578	-0.0948148
-0.726584	-0.610675	-0.314883
0.351798	0.634101	0.688588
-0.748684	-0.150412	0.645638
0.75605	0.0696483	0.650798
-0.517413	-0.73235	-0.442659
0.603246	-0.137117	0.78568
0.269201	-0.384964	-0.882799
0.878399	-0.153498	0.452608
0.693747	0.543522	0.472546
-0.0705409	-0.260681	0.962844
0.515326	0.779609	0.355879
-0.149075	-0.871153	-0.467834
-0.171944	0.413801	-0.893982
0.54903	0.760101	0.347582
0.788856	0.552622	0.268916
-0.881708	0.120905	0.456041
0.134725	0.494374	0.858745
0.19029	0.943196	-0.272345
-0.962236	0.266203	-0.0569052
-0.556145	-0.440449	0.704775
-0.161996	-0.813605	-0.558394
0.507913	-0.628543	-0.589031
-0.185774	-0.650476	-0.736457
0.30595	-0.876556	-0.371543
-0.131512	0.497495	-0.85744
0.0179839	0.0979723	-0.995027
-0.184648	0.280095	-0.942047
-0.81824	-0.400346	-0.412561
0.0792824	0.681182	0.727809
-0.717157	0.690395	0.0950846
0.272871	-0.265172	-0.924784
-0.240477	0.678057	0.694557
-0.0948458	0.00714188	-0.995466
-0.797059	-0.127648	0.590257
-0.198971	0.185326	-0.962323
-0.306949	0.349942	0.885055
-0.0601201	-0.00198537	0.998189
-0.0598485	-0.771983	-0.632819
-0.747036	-0.193632	0.635959
0.87392	0.13892	0.465796
-0.698463	0.708761	-0.0990301
-0.453465	0.800279	-0.392331
0.00645063	-0.952788	-0.303568
0.336944	-0.897361	-0.284976
-0.780225	0.206277	0.590507
0.994557	-0.104186	-0.00115859
0.141267	0.912789	-0.383223
0.598585	-0.751552	-0.277246
-0.734747	0.520629	-0.434848
0.489007	0.580016	0.651501
0.334614	-0.378446	0.863025
-0.796018	0.605102	-0.0143735
-0.212414	0.909991	-0.356085
-0.478883	0.557338	-0.678267
0.93741	0.101778	0.333021
0.614441	-0.717942	0.32714
-0.909281	-0.299635	-0.288837
-0.491594	0.850043	0.189108
-0.778298	0.488334	0.394692
0.136325	-0.715528	-0.685153
-0.130987	-0.518914	0.844731
0.876577	-0.341098	0.339506
0.0253448	-0.365406	0.930503
0.96864	-0.0458181	-0.244206
-0.529147	0.664584	-0.527571
-0.0733948	0.445061	-0.892487
-0.905446	0.125855	-0.405375
0.831448	-0.274796	0.482888
-0.607464	-0.248005	-0.75464
0.16412	0.925512	0.34131
-0.0737336	-0.621003	0.780332
0.495268	-0.359513	-0.79086
-0.578707	-0.736782	0.349644
-0.748622	-0.548687	0.372165
0.331751	-0.211551	-0.919341
-0.394256	-0.847293	-0.355889
-0.156965	0.98734	-0.0228311
-0.475552	-0.157351	0.8655
0.573921	-0.0293031	0.818386
0.073837	0.53896	0.839089
-0.637144	-0.356559	-0.683311
-0.619776	-0.162203	-0.767833
-0.505254	-0.819854	0.269367
0.172576	-0.378234	0.909481
-0.329328	0.131632	-0.934995
-0.102028	-0.218146	-0.970568
-0.718624	0.213124	0.661935
0.543841	-0.531105	0.649742
-0.643843	-0.735121	-0.212279
0.95634	0.131475	0.261013
-0.109202	-0.993754	-0.0229899
0.2173	-0.689966	0.690455
0.358239	0.432726	0.827293
0.832978	-0.552951	0.0198074
0.336216	0.855182	-0.39449
0.541708	0.840395	-0.0169677
-0.396138	0.242899	-0.88548
0.078478	-0.855701	0.511485
-0.382418	0.153072	-0.911222
-0.535787	0.797125	-0.278431
0.998238	-0.0479297	0.0349758
0.52635	0.701104	-0.481049
-0.290394	0.64559	-0.706318
0.763614	-0.206165	-0.611875
0.32001	0.74781	-0.581699
0.212267	-0.977092	0.0152844
0.0975673	0.89636	0.432458
-0.113964	0.921013	-0.372488
-0.584961	-0.666908	0.461578
0.229066	-0.541027	0.809209
-0.745021	0.0603923	-0.664301
-0.244688	0.615529	-0.749167
0.392407	-0.729942	-0.559645
0.714872	-0.328286	0.617403
0.0624011	0.290588	-0.954811
0.0188038	0.047691	0.998685
-0.476065	0.578313	0.662508
0.472751	0.645363	-0.60001
0.415278	-0.842618	-0.342841
-0.387182	-0.919055	0.0736701
-0.287597	-0.631303	-0.720239
0.342931	-0.938374	0.043031
-0.559495	0.281187	0.779679
0.250237	-0.505748	0.825591
-0.615407	-0.451023	-0.646415
-0.597728	-0.801606	-0.0121934
-0.999523	-0.0198611	-0.0236611
0.856859	0.229982	0.461411
0.955801	0.210171	-0.205605
0.00614074	0.97463	-0.223737
0.877533	-0.16712	0.449452
0.86337	0.0405518	-0.502939
0.782635	-0.341638	0.520352
-0.639458	0.45087	-0.622744
-0.324923	-0.611493	-0.721458
-0.546263	0.799588	0.249514
0.858801	-0.426095	-0.284436
-0.317412	-0.713471	0.624668
0.573451	-0.799099	-0.180542
0.635193	-0.759094	0.142498
0.430119	0.874254	-0.225118
0.567717	-0.471465	0.674847
0.377101	0.490106	0.785869
0.986683	0.0928697	0.133536
0.394928	0.918698	-0.00508519
0.795363	-0.162539	-0.583933
-0.518412	0.263608	-0.813486
0.170291	-0.356185	-0.918767
0.105448	0.971444	-0.212549
-0.516507	0.257215	0.816738
0.441035	0.434615	-0.785238
-0.90583	-0.423526	-0.00987389
0.864138	-0.453863	-0.217426
-0.114904	0.203139	0.972385
0.941525	-0.322779	0.0966693
-0.307624	-0.915117	0.260632
0.964244	0.164235	-0.207991
-0.132933	0.928147	-0.347667
-0.522988	0.83682	-0.161915
-0.403785	-0.397554	0.823959
0.790209	-0.596004	0.142648
-0.360308	0.863637	0.352574
0.645581	-0.478947	0.59484
0.81924	0.568386	0.0760483
-0.438687	0.341828	-0.831088
0.220627	-0.210384	-0.952398
-0.610501	0.247006	-0.752513
0.710266	-0.111076	-0.695114
0.802026	0.504103	-0.320366
0.159874	-0.979451	-0.122949
-0.11917	0.779566	-0.614878
0.465335	-0.757233	-0.458325
0.854306	-0.500937	-0.138652
-0.114244	-0.948255	-0.296245
0.876428	-0.0476749	-0.479166
0.0281569	-0.506161	-0.86198
-0.754891	-0.035615	0.654883
0.711939	-0.630825	0.30855
0.328923	0.0687399	-0.941852
-0.251819	0.807412	0.533548
0.452069	-0.0177766	0.891806
-0.984479	0.116511	0.131252
0.228258	-0.903344	-0.363136
-0.954065	-0.202521	-0.220784
-0.976658	-0.123955	-0.175429
0.332501	0.712625	0.617744
-0.0774172	0.259067	-0.962752
0.20783	0.637264	0.742092
0.162447	-0.919403	0.358202
-0.96028	-0.252973	-0.117756
-0.416857	0.546647	0.726228
-0.210702	-0.863839	0.457589
0.930063	-0.0740943	-0.359851
-0.49124	-0.851023	-0.185587
-0.549093	0.134431	0.824879
-0.842234	-0.128342	-0.523613
-0.202731	-0.9441	0.259951
0.491608	-0.504152	0.710037
-0.534576	0.64614	0.544731
-0.785958	0.597028	0.160708
-0.136403	-0.87834	0.458162
-0.601725	0.0816946	-0.794514
0.248854	0.938288	0.240182
0.85589	-0.165138	-0.490083
0.394777	-0.718816	0.572237
-0.460085	-0.397838	-0.793755
-0.72612	-0.684467	-0.0652267
0.124413	0.990266	0.0624014
-0.671597	-0.345307	-0.65553
-0.74691	-0.532219	0.398584
-0.174287	0.925252	-0.336947
-0.877503	-0.46697	0.109215
0.982919	0.00929546	0.183804
0.573787	0.58149	-0.576748
0.76069	-0.378274	-0.527503
0.704865	0.100699	0.702158
0.497119	-0.605077	-0.621896
-0.582125	-0.738917	-0.339311
0.476919	0.844187	0.244736
0.5499	0.599694	0.581359
-0.0745963	0.974754	0.210452
-0.131073	-0.126512	0.983267
-0.461214	-0.547635	-0.698124
0.753136	-0.156659	-0.63894
0.24297	0.729313	-0.639585
0.961481	0.134599	-0.239661
0.396467	0.623961	0.673414
-0.165923	0.232105	-0.958435
0.591135	-0.300128	0.748654
-0.473388	-0.497589	-0.726849
0.824598	-0.100887	-0.55665
0.452552	-0.757012	0.471307
-0.590696	-0.804412	0.0632475
0.49697	-0.856794	-0.137567
0.236712	0.938507	0.251342
-0.53696	-0.0567368	-0.841698
0.748832	0.662756	0.00218919
-0.657728	0.302023	0.690055
0.388329	-0.806981	0.444951
-0.344551	0.885519	0.311674
-0.191542	0.953845	-0.231284
-0.864819	0.485837	-0.126692
-0.842314	0.207779	-0.497327
-0.397033	-0.723474	0.564757
0.396142	0.258901	-0.880933
0.322514	-0.31427	0.892871
-0.783566	-0.596827	0.172691
-0.0418794	0.829035	0.557626
0.426608	0.617432	0.660896
-0.477953	-0.636087	-0.605768
0.732838	0.232675	0.639383
0.637948	0.592351	-0.49208
-0.483739	0.325294	0.812515
0.637859	-0.766305	-0.0768894
-0.0260691	-0.736765	-0.675646
-0.611239	-0.365331	-0.702082
0.302678	0.0549075	0.95151
0.0901768	0.706167	-0.702279
-0.935858	0.341526	0.0867745
0.11289	-0.558006	-0.822122
-0.830596	0.513771	0.214824
0.777889	-0.27361	0.565709
-0.804891	0.58085	0.121506
0.373864	-0.886829	0.271586
0.0876685	0.960739	-0.263239
-0.630193	-0.712387	0.308807
-0.155164	0.47909	-0.863942
0.898709	0.0604104	-0.434365
0.682599	-0.163022	0.712378
0.0299789	-0.786993	0.616233
-0.898067	0.147442	-0.41441
0.553843	-0.803774	0.217266
0.742696	0.165435	-0.648871
-0.222883	-0.946853	-0.231934
-0.00955776	0.972724	0.23177
0.934249	-0.0174566	0.356195
-0.111091	0.812228	0.572665
-0.291238	0.728965	-0.619509
0.315894	-0.818895	0.479189
-0.629821	-0.46799	0.619928
-0.0566224	0.733139	0.677718
-0.636543	0.0260825	0.7708
-0.473435	-0.609366	-0.636029
-0.222354	-0.974452	0.031667
0.238125	0.807527	-0.539627
0.28288	0.956332	0.0735357
-0.503403	-0.0364638	-0.863282
-0.248066	0.52169	-0.816274
-0.090946	-0.995451	-0.0283981
-0.448809	-0.798947	0.400317
0.718241	-0.666965	-0.19821
-0.457907	0.533856	-0.710858
-0.532178	0.57285	0.623401
0.805622	-0.354505	-0.474658
-0.802027	-0.502948	0.322173
0.93142	-0.282889	-0.228976
0.172226	0.311142	-0.934628
0.0320004	0.934036	-0.355742
0.65465	0.730348	0.194998
0.371593	0.875367	-0.309274
0.305573	-0.919109	-0.248723
0.307757	-0.587186	0.748664
0.317486	0.10114	0.942854
-0.800582	0.589145	0.109435
-0.178619	0.930752	-0.319055
0.906475	-0.156677	0.392116
-0.247968	0.713659	0.655135
0.250064	0.954606	-0.161848
0.149817	-0.10985	-0.982592
0.965984	0.250957	-0.0624157
-0.768907	-0.636818	0.0569655
0.833374	0.40452	-0.376631
0.547181	0.494205	0.67554
0.260778	0.101283	-0.960071
0.630405	-0.713021	-0.306904
0.478071	0.877446	-0.0392098
-0.456153	0.799159	0.391497
0.57954	-0.625342	-0.522571
0.040887	-0.863247	0.503124
-0.900162	-0.232952	0.368023
-0.396848	-0.902981	-0.164733
-0.0920701	-0.940417	-0.32732
-0.54628	0.337532	0.766583
-0.0819216	-0.182102	-0.979861
-0.893823	-0.44836	0.00734711
-0.441443	-0.199887	-0.874742
-0.209544	0.936462	-0.281301
0.0398762	-0.0276324	0.998822
0.343577	0.506449	0.790863
0.315305	0.878914	0.357901
0.813155	0.196155	-0.547998
-0.997593	0.0319716	-0.061533
0.704508	-0.360247	0.611465
0.903449	-0.171859	-0.39274
-0.484341	0.874846	-0.00766006
-0.295555	-0.0295398	0.954869
-0.480164	0.831582	0.279131
-0.107483	-0.238385	0.965205
-0.272385	0.170937	0.946883
0.0936141	-0.527294	-0.84451
-0.756913	-0.623212	-0.196693
-0.616707	-0.279631	0.735853
-0.991816	-0.084752	-0.0954935
-0.44281	-0.517837	0.731959
-0.510006	-0.313715	0.800923
-0.972906	-0.231156	-0.00459949
0.945329	-0.325593	0.0184873
0.881743	0.0977404	0.461493
-0.672102	-0.591247	0.445764
0.616864	0.057987	0.784931
0.940349	0.26334	-0.215397
0.86734	0.433817	0.243975
-0.431712	0.191656	-0.881415
-0.130426	-0.496971	-0.85791
-0.590203	0.449342	-0.670636
0.411202	-0.117685	-0.903915
-0.18282	0.677913	0.712047
0.608605	-0.792994	-0.0275749
-0.148351	0.213784	0.965551
-0.942496	0.332772	0.0310498
-0.144348	-0.887229	-0.438164
-0.00579994	-0.920872	0.389823
0.762609	0.454045	0.460727
-0.242451	0.930947	0.273048
0.540369	-0.83972	-0.0535862
-0.47676	0.843923	0.245954
-0.235241	-0.122847	-0.964142
0.17523	0.677788	-0.714071
-0.0535911	-0.672825	-0.737859
-0.420142	0.26137	0.869003
-0.700929	0.69055	0.178434
-0.412169	-0.804223	-0.428185
-0.378079	-0.922253	0.080655
0.532198	-0.0896691	-0.841858
0.117918	-0.987961	-0.100141
0.364004	-0.59717	0.714765
-0.253417	-0.620079	0.742483
-0.690399	-0.674412	0.261757
-0.107251	-0.982479	0.152422
0.340163	-0.936527	-0.0848915
0.473812	0.75971	-0.445358
-0.125096	0.267853	0.955304
0.521611	-0.627975	-0.577555
0.398576	0.325206	0.857542
-0.466813	0.324737	-0.822576
0.299251	0.742491	0.599296
-0.380925	-0.76168	0.524156
0.20502	0.978449	0.0245954
0.218654	-0.268034	-0.938269
0.114591	0.847224	-0.51873
-0.554869	-0.0130387	0.831835
-0.5489	0.501976	0.668378
-0.304963	0.498434	-0.811518
0.70853	0.316714	-0.630617
-0.00300634	-0.693636	-0.720319
0.921968	-0.351172	-0.16326
0.0856719	0.919936	0.382593
0.769754	-0.613352	-0.176857
0.143098	-0.588491	-0.795739
0.457309	-0.881223	-0.119642
0.0495753	-0.287735	-0.956426
0.762633	-0.44017	-0.473964
-0.550376	0.728833	-0.407294
0.124824	0.933	0.337535
-0.984742	-0.173848	0.00775181
-0.704466	-0.460954	-0.539675
-0.994937	0.0981533	0.0215799
-0.0912458	0.938072	-0.334207
0.514285	-0.587804	0.624497
0.941165	-0.131713	0.311224
0.242531	-0.959482	-0.143436
0.642077	-0.155078	-0.750792
-0.782174	0.117929	0.611798
0.732762	0.00754038	0.680443
-0.195603	0.65478	0.730071
-0.0886135	-0.583986	-0.806912
-0.830146	0.147345	-0.537724
0.762817	-0.641667	-0.0798381
-0.633732	-0.696599	-0.336354
-0.926548	-0.0350154	0.374544
0.245511	0.91333	0.324889
0.814374	0.554483	-0.171297
-0.580926	0.25412	-0.773271
-0.960836	-0.0436088	-0.273666
0.744617	0.645918	0.168331
-0.508804	0.233044	-0.828739
0.428232	-0.602343	0.673647
0.192474	-0.752909	-0.62935
0.506257	-0.081599	0.858513
0.657756	0.106788	0.745623
0.876142	-0.462047	-0.13743
-0.742549	0.546966	0.386585
0.100007	-0.811767	0.575355
0.220996	-0.0893289	-0.971175
0.482754	-0.78362	-0.391009
0.548375	0.24797	-0.798622
0.258616	0.855694	0.448224
0.0492742	-0.727093	-0.684769
0.121912	-0.897789	-0.423217
0.269352	-0.436484	-0.858447
0.914673	-0.398378	-0.0683268
-0.362607	0.913902	-0.182482
-0.161204	-0.603164	-0.781157
0.177104	0.839099	-0.514341
-0.571221	0.29868	-0.764524
-0.677149	0.158203	-0.718639
-0.494582	-0.347984	0.796427
0.958196	-0.151205	0.242893
-0.191212	0.813616	0.54906
-0.148496	0.90974	0.387713
-0.62259	0.347407	0.701206
-0.819277	-0.547651	-0.169895
0.6624	0.741249	-0.108515
0.538272	-0.0570428	0.840838
0.227037	0.55902	-0.797466
0.689497	0.0448296	-0.722899
-0.607474	-0.742641	-0.281884
-0.341765	0.617302	-0.708615
0.413056	-0.453535	-0.789741
0.635982	-0.64975	-0.416356
-0.59329	-0.657405	-0.464571
0.160074	-0.471426	0.867257
-0.41955	0.16903	-0.891856
0.169239	0.280285	-0.94488
0.79426	0.304747	0.525624
-0.195978	0.0783277	-0.977475
0.353779	-0.934568	0.0377278
-0.186004	-0.0361224	0.981885
-0.343439	0.0461845	0.938039
0.908037	0.335437	0.250899
0.910196	0.41181	0.0442227
-0.290063	-0.923619	-0.25058
-0.147582	0.386387	0.910453
-0.66203	-0.666004	-0.343737
-0.529627	0.834112	0.154115
0.999981	-0.00614542	-0.00065494
0.694908	0.687584	-0.21055
-0.463837	-0.213258	0.85987
0.688948	0.504585	0.520331
0.95818	-0.0612295	-0.279539
0.713681	-0.456716	0.531103
0.784729	0.49814	-0.368859
0.310919	-0.162612	-0.936422
0.732687	0.594921	0.330514
0.089396	0.220984	-0.971172
-0.771053	0.389221	-0.503969
0.453616	-0.885719	0.0986665
-0.230242	0.903182	0.362287
0.235418	-0.540007	-0.808066
-0.898805	0.328137	-0.290648
-0.667888	-0.719127	-0.191786
0.288236	-0.59404	0.751024
0.194352	-0.543356	-0.816696
0.481593	-0.159978	-0.86167
-0.604483	0.635334	-0.480574
-0.373883	-0.917356	-0.136634
-0.138581	0.982632	0.123405
0.103302	0.972144	0.210391
0.555715	-0.82805	-0.0742575
-0.30643	0.927153	-0.215609
-0.569115	-0.445229	0.691288
0.949345	-0.31257	0.0323065
0.576742	0.174691	0.79803
0.343697	0.886529	0.30974
-0.484774	-0.591293	0.64449
-0.314896	-0.880151	0.355211
0.307816	-0.192144	0.931842
0.873553	-0.221627	-0.433342
0.869629	-0.113376	0.480511
-0.978166	0.0872651	-0.188616
-0.144132	0.866133	0.478581
-0.857531	0.0415881	0.512748
0.826697	0.389272	0.406249
-0.745682	-0.417475	0.519301
0.0202079	-0.877208	-0.479685
0.638789	-0.741586	0.204936
-0.344537	-0.918207	0.195421
0.97779	0.110529	0.178071
0.963939	0.220073	-0.14963
0.832904	-0.435642	-0.341303
0.617009	-0.516591	0.593662
0.721443	-0.621767	0.304838
0.935314	0.0532769	0.349784
-0.980753	0.102222	0.166353
-0.0120393	-0.960875	0.27672
0.0853916	0.518791	-0.850626
0.0941748	-0.557016	-0.825145
-0.0903437	-0.965114	0.245748
-0.177613	0.787807	-0.589757
0.326756	-0.935674	-0.133211
-0.80388	-0.593305	0.0420386
-0.617679	0.526294	-0.584369
0.389765	-0.888526	-0.242085
0.825129	0.545092	-0.148449
-0.673671	0.547079	0.496863
-0.568263	-0.174532	-0.804124
0.346076	0.762523	-0.546616
-0.184098	-0.8801	-0.437643
-0.0222592	-0.836509	0.547502
-0.451803	-0.519107	0.725535
0.236459	-0.934061	-0.267613
0.521601	-0.587548	-0.618644
-0.772925	0.30384	0.557016
-0.391218	-0.874381	0.287066
-0.271341	0.867096	-0.417754
0.513055	0.723203	0.462333
0.815143	0.0090572	0.57919
0.461134	-0.797966	-0.38808
0.207397	-0.731209	-0.649861
-0.891892	0.444225	-0.084815
0.764714	0.614774	-0.193041
0.146317	0.972794	-0.179619
-0.367026	0.660042	-0.655467
-0.887678	0.459676	0.0269428
0.758513	-0.639098	-0.127324
0.973101	-0.178252	-0.145947
0.90734	0.376178	0.187679
0.701092	0.0160935	0.71289
-0.0805912	0.996241	0.0317571
0.604218	0.722941	0.335078
-0.373695	0.880401	-0.291968
0.0888535	0.194908	0.976789
-0.011129	0.531083	0.847247
0.644786	0.011222	0.764281
-0.224229	0.797718	0.559792
-0.323633	-0.232214	0.917245
-0.530603	-0.764852	-0.365325
0.0452354	-0.958538	0.28135
0.197793	-0.308114	0.930561
-0.544425	0.801848	0.246254
-0.54773	-0.0164595	-0.836493
0.118692	0.366406	-0.922854
0.371139	-0.682271	0.62989
0.0228663	-0.176974	0.98395
0.82046	0.289345	-0.493077
-0.352069	0.874543	-0.3335
-0.34178	-0.714519	-0.61045
-0.577852	-0.60584	-0.546849
-0.830177	0.258025	-0.494197
0.134196	-0.256733	-0.95712
-0.188114	0.57559	0.795807
0.661693	0.445971	0.602721
0.85633	-0.274228	-0.437605
0.692377	0.591592	-0.413077
0.890783	-0.441346	-0.10826
0.105864	-0.854856	-0.507951
0.5645	-0.337366	-0.753342
0.341214	-0.803816	-0.487292
0.140343	-0.421899	0.895715
0.0491589	0.334996	-0.940936
0.0960165	0.936746	0.336583
-0.120899	0.850427	-0.512013
0.523978	0.64751	0.553333
0.426225	-0.805456	0.411793
0.637972	0.101966	-0.763279
0.590796	0.730254	0.343057
0.643529	-0.639502	-0.420605
-0.602907	0.555184	-0.572952
0.248476	0.262341	-0.932436
0.494743	0.737147	0.460264
0.0530718	0.484438	0.873214
0.638531	-0.746198	0.188328
0.565854	0.648842	0.508737
0.623053	0.603841	-0.497172
0.875647	0.285666	-0.389407
-0.938321	0.303763	0.16517
0.450941	-0.824767	-0.341193
0.885625	0.175611	-0.429917
0.763868	0.643992	-0.0421937
0.519122	-0.223718	0.824902
-0.537605	0.283659	-0.794052
-0.675041	0.70363	-0.221866
-0.650855	0.390282	0.651205
0.459443	-0.084573	-0.884172
0.484939	-0.67822	0.552133
0.720447	-0.693193	-0.0209446
0.267573	-0.700748	-0.66133
-0.762297	-0.0758758	-0.642765
-0.296189	-0.80833	-0.508797
0.343569	-0.187546	-0.92021
0.851507	0.389824	0.350675
-0.188875	-0.167324	-0.967641
-0.835598	0.548896	0.0221311
-0.581936	0.0466977	0.811893
-0.27647	-0.285955	-0.917493
0.189119	0.673605	0.714486
0.0980677	0.958044	0.269323
-0.688504	-0.674182	0.267284
-0.286905	-0.280817	-0.915875
0.541934	0.0981805	-0.834667
0.48973	0.868987	-0.0708944
0.199626	0.979348	-0.0320514
0.794365	-0.472506	-0.381735
-0.210859	0.49637	0.842114
-0.0874459	0.0609127	0.994305
-0.484404	0.56133	0.671015
0.669944	-0.633628	-0.3869
-0.696445	-0.57773	-0.425668
0.976635	0.0252246	-0.21342
-0.342486	0.167546	-0.924463
-0.155302	-0.895221	0.417686
-0.2201	-0.608486	0.762431
0.45609	-0.183587	-0.870791
-0.22537	-0.950211	-0.21519
-0.501273	0.85927	0.101881
-0.836483	-0.321634	0.443675
0.0226837	-0.981602	0.189585
-0.654251	-0.732602	0.187751
0.255313	-0.0988662	-0.96179
-0.932671	0.214244	-0.290213
-0.145367	0.952591	0.267281
0.254032	-0.537352	0.804189
0.124595	0.884412	-0.449769
-0.0263718	-0.996223	0.0827313
0.825359	-0.559039	-0.0791038
-0.867501	0.126862	-0.480987
0.427482	-0.880689	0.204075
-0.624295	-0.316745	-0.714092
-0.598141	0.257092	-0.759033
0.11642	0.661383	-0.740958
-0.536561	-0.102342	0.837632
-0.0469336	0.515291	0.855729
0.107348	-0.573559	-0.8121
0.44172	-0.620584	-0.647888
0.0867802	-0.978689	-0.186109
0.155177	0.719045	-0.677417
0.0547841	0.625556	-0.778254
-0.887468	-0.453501	0.082085
0.134365	-0.942332	0.306523
0.236044	0.971729	-0.00511762
-0.163239	0.750283	-0.640647
-0.399503	-0.522552	0.753218
0.659859	0.479372	-0.578609
0.820261	0.139299	0.554767
0.981915	-0.0393004	0.185198
0.271384	-0.533452	0.801112
-0.558308	0.19315	-0.806837
-0.647187	0.543386	0.534678
0.128929	0.0792047	-0.988486
-0.99896	0.0445805	-0.00955278
0.423422	0.197017	-0.88425
-0.0568148	0.481787	0.874445
0.436928	0.0774725	0.896154
-0.119762	-0.419907	0.899631
-0.196909	-0.077592	0.977347
0.231986	0.407458	0.883267
0.308914	0.71815	-0.623565
-0.778635	0.302851	-0.549554
-0.599784	0.795843	-0.0830209
-0.328555	-0.478186	0.814487
-0.793216	-0.261306	0.550025
0.280296	-0.854915	-0.436525
-0.587429	-0.301836	0.750881
-0.485569	0.803861	-0.343556
-0.736717	0.560932	0.37763
0.321304	-0.869963	-0.374071
0.0372182	0.270727	0.961936
0.169899	-0.941321	0.291631
0.33766	-0.760897	-0.554095
0.0697296	-0.786973	0.613034
0.711088	-0.387103	-0.586945
0.208879	-0.610037	-0.764345
0.0676371	0.110402	0.991583
0.0215925	0.765662	-0.642881
-0.223384	-0.768364	-0.599763
-0.00151989	0.915498	-0.40232
0.24475	0.181236	-0.952497
-0.835435	-0.469462	-0.285751
-0.710816	-0.674985	0.197827
0.985583	-0.169106	0.00546294
-0.48856	-0.869972	-0.0667653
0.593772	0.804085	-0.0297099
-0.0752547	-0.962427	0.260905
-0.176516	-0.165905	-0.970215
0.226965	0.809112	-0.542055
-0.400104	0.916457	-0.00477516
-0.0768714	0.748561	-0.658595
0.0718909	-0.249367	0.965737
0.425009	0.58352	-0.692005
-0.693813	-0.592579	0.409235
-0.547974	0.246847	0.799244
0.375104	0.488113	0.788063
0.625269	0.2618	-0.735187
0.43477	0.858165	0.273
-0.660056	-0.274964	0.699085
-0.81059	0.381751	-0.444083
-0.0211248	0.999709	-0.0116728
-0.0419885	-0.928175	0.369768
0.0423568	0.248463	0.967715
-0.0220922	0.689211	0.724224
0.395093	-0.786633	0.474457
-0.522664	0.842565	-0.130024
0.771943	0.355126	-0.527247
0.581715	0.50957	-0.633992
-0.990321	-0.01572	-0.137904
-0.439103	0.849988	0.291049
0.912897	-0.406024	-0.0419929
0.543835	-0.472083	-0.693816
0.531002	-0.803754	0.268359
0.58674	0.00898886	-0.809726
0.964134	0.200655	-0.173735
-0.664469	-0.480653	-0.572236
0.63273	0.671984	0.384825
0.630045	-0.453641	0.63028
-0.278975	0.877847	-0.389303
-0.472055	-0.329894	-0.817517
0.18622	-0.886025	-0.424597
0.630941	-0.428517	0.646751
-0.00123471	0.230308	0.973117
0.821948	-0.481318	-0.304523
0.559466	0.63781	0.529336
-0.803089	-0.553953	0.219506
0.779724	0.499378	-0.377693
0.424929	-0.873454	0.237726
0.309908	0.746968	0.588214
-0.222361	-0.751151	0.621553
0.675719	-0.64678	0.353665
-0.585844	-0.500047	-0.637761
-0.291089	-0.16961	-0.941541
0.184775	-0.937643	-0.29442
-0.485466	0.416286	0.768784
0.220777	-0.111009	-0.968986
-0.899386	0.168855	-0.403228
-0.847981	-0.41696	-0.32722
0.177403	0.866512	-0.466567
-0.349165	-0.465051	-0.813518
-0.937224	-0.346729	-0.037293
-0.187494	-0.897742	-0.398629
0.627462	0.293356	0.721273
0.0196138	0.302771	-0.952861
0.129114	0.820482	0.556901
-0.710152	0.703959	0.0112179
0.248664	-0.613986	0.749124
-0.0145156	0.713512	0.700493
0.636982	-0.705145	-0.311487
0.276144	0.91934	-0.280283
-0.102238	0.789984	0.604543
-0.571112	-0.425003	0.702285
-0.236273	-0.0984854	-0.966683
0.578627	-0.759188	-0.298034
-0.355684	-0.908646	0.218748
-0.609007	-0.792529	-0.0317373
-0.560241	0.788555	-0.253596
0.314215	-0.386638	-0.867053
0.946242	0.0200544	-0.322838
-0.781533	-0.623597	0.0182674
0.0409117	-0.843927	-0.534896
-0.858553	-0.33525	0.387936
-0.359167	-0.671938	-0.647687
0.422529	0.890038	0.17118
-0.162426	0.175915	-0.970913
0.954586	0.120477	-0.272489
0.587607	0.384003	-0.712221
-0.665288	-0.652887	-0.362119
-0.878169	0.398658	-0.264368
0.803612	-0.592235	-0.0588666
0.0282424	0.243854	-0.969401
0.504703	0.113032	-0.855861
0.983694	0.169323	0.0606265
-0.521762	0.453159	-0.72278
-0.625166	-0.151113	0.765724
-0.9595	-0.269992	-0.0803924
0.0802756	-0.0369863	-0.996086
0.549152	0.679888	-0.485988
0.501943	-0.443365	-0.742617
0.844475	-0.384361	0.373
-0.370156	0.918635	-0.138183
-0.213571	-0.374163	0.902435
-0.903097	0.0515906	0.426326
0.279555	-0.613984	-0.738155
-0.945735	0.111069	-0.305367
0.473933	0.0482197	0.87924
-0.456766	-0.0627208	0.887373
0.17404	0.367585	0.91356
0.776345	-0.343289	0.528621
-0.92702	-0.0130137	0.374787
-0.24938	-0.357875	-0.899853
-0.351268	0.11455	0.929241
0.205497	0.534096	-0.820069
-0.820091	-0.532132	-0.210444
0.807123	0.535803	0.247926
0.177964	0.878039	-0.44427
0.975888	0.136994	0.169929
-0.603535	-0.366363	-0.708184
0.31476	0.910664	-0.267612
0.814054	0.529823	-0.237914
-0.748647	0.655072	0.102019
-0.37117	0.920522	-0.121951
0.393902	-0.510736	0.764193
-0.905109	0.422022	-0.0517336
-0.397438	-0.124815	0.909101
0.196268	-0.615794	-0.76307
0.140256	-0.875675	-0.462083
-0.915665	-0.0995725	0.389414
0.799129	0.47421	-0.369483
0.620952	-0.776958	0.103706
-0.27184	-0.160033	-0.948943
0.3831	0.258541	0.886787
-0.487927	-0.843535	-0.224446
-0.559029	-0.556242	0.614884
-0.198731	-0.350811	-0.915116
0.436416	-0.826982	-0.35446
0.627172	0.314756	0.71245
0.298546	0.344423	0.89008
0.74742	-0.659891	-0.0768556
-0.410456	0.879001	-0.242659
0.422277	0.685337	-0.593292
-0.742742	-0.253567	-0.619708
-0.407496	-0.883311	0.231752
-0.289626	-0.737718	-0.609828
-0.19489	-0.963161	0.185309
-0.485522	-0.0631869	0.871938
0.21287	-0.159595	0.963958
0.0213964	0.273568	-0.961615
0.289428	-0.673283	-0.680383
-0.956455	-0.187269	0.223883
-0.176993	0.857992	0.482207
0.513971	0.733174	-0.445297
0.395893	-0.91284	-0.0999609
-0.188283	0.0471244	0.980984
-0.577648	-0.431631	0.692834
0.0892599	-0.166495	-0.981994
-0.91014	-0.279778	-0.305564
0.486996	0.499474	-0.716492
0.142438	-0.660569	0.737129
0.0275353	0.997351	0.0673228
0.745569	-0.358796	0.561598
0.272329	-0.929126	-0.250124
0.16229	0.969296	-0.184736
-0.512769	0.854881	0.0790351
0.273056	0.0672314	0.959646
-0.0942367	-0.835035	-0.542067
-0.447755	0.266024	-0.853667
0.74454	0.661451	-0.0902433
0.932743	-0.294509	-0.207977
0.281718	-0.684235	-0.672649
0.254463	-0.167216	-0.952516
-0.417168	-0.574464	0.704246
0.293216	0.230651	-0.927807
0.7783	0.490077	0.392523
-0.553348	-0.669401	-0.495691
0.0880112	-0.994495	-0.0568614
0.927246	0.244901	0.283263
-0.828569	-0.423322	0.366431
-0.0507743	-0.791997	-0.60841
0.898017	-0.328287	-0.292906
-0.890033	0.197838	0.410732
-0.648341	0.758565	0.0650566
-0.0631228	-0.451115	0.890231
-0.998346	-0.0544225	-0.0185197
-0.0126036	0.159708	-0.987084
0.473433	-0.201725	0.857419
-0.289458	-0.161567	-0.943457
-0.337674	0.506468	-0.793389
0.961397	-0.241633	0.131638
-0.110694	-0.988854	0.0995698
-0.800654	-0.423096	-0.424197
0.173375	-0.420665	-0.890495
-0.544228	0.0845442	-0.834666
-0.960527	0.278135	-0.00536975
0.197818	0.511242	-0.836361
0.131873	0.807197	-0.575363
-0.0928958	0.960424	-0.262594
-0.215905	0.80263	0.556031
0.209619	0.264774	0.941252
0.653364	0.754503	0.0619734
-0.990843	-0.132872	-0.0239845
0.651731	-0.249514	0.716233
0.838882	-0.0446439	0.542479
0.96737	0.0866501	-0.238092
0.308567	0.950305	0.0413169
0.0972256	0.262259	-0.960087
-0.296744	-0.813787	-0.499693
0.272817	0.169721	-0.946977
-0.891272	0.0162482	-0.453178
-0.307691	0.950788	0.0364421
0.155631	0.481731	0.862388
-0.574921	0.765019	-0.290192
0.166154	-0.0645236	0.983987
0.0401525	-0.132966	0.990307
-0.301242	-0.897291	0.322681
0.412344	0.718016	-0.560737
0.409154	0.741498	-0.531764
-0.803082	0.595859	0.00318848
-0.0573409	-0.0825502	-0.994936
0.191656	-0.838639	0.509856
-0.683806	0.729418	-0.0189514
0.104508	0.534632	-0.838598
0.442573	-0.821576	-0.359363
-0.871411	0.113293	-0.477293
0.813131	-0.575947	-0.0842757
-0.823912	-0.352509	-0.443742
-0.289365	0.719252	0.63162
0.940237	0.30652	0.148324
-0.119598	-0.965524	0.231214
-0.766721	0.578437	-0.278476
-0.843659	-0.251056	0.474563
-0.427317	0.743338	0.514636
-0.185621	0.832113	0.522621
-0.346058	0.848564	0.40023
-0.374917	-0.567993	0.732681
0.287405	-0.474764	0.831864
-0.925941	0.368718	-0.0817307
0.318036	-0.24959	0.914635
0.648956	-0.250874	-0.718274
0.161127	0.849348	0.502639
0.628058	-0.627822	-0.459764
-0.0433924	0.0328152	-0.998519
0.382675	0.854031	0.352409
0.945945	0.223796	-0.234743
0.796156	-0.48021	0.368148
-0.830996	-0.44663	0.331614
0.222619	0.469547	0.854381
0.368739	-0.738939	0.563916
-0.318552	0.261936	-0.910996
-0.26645	-0.180001	0.946892
0.76445	-0.523129	0.376766
0.311842	0.628283	0.712752
0.365547	0.592734	0.717664
0.666608	-0.701849	-0.251079
0.896947	0.442048	-0.00897026
-0.185809	-0.955839	-0.227697
-0.232486	0.33296	0.913831
0.147238	-0.463493	-0.873782
-0.642147	0.291059	0.709177
-0.786286	0.265136	-0.558083
0.737162	-0.659565	0.146856
0.0295214	0.995197	-0.0933397
-0.358976	-0.28386	-0.889134
-0.777833	-0.588665	0.220114
0.790671	0.431146	0.434686
0.0268719	-0.975363	0.218965
-0.86617	0.442893	0.231507
-0.397353	-0.426473	-0.812546
-0.955169	-0.0688182	0.287952
0.041041	-0.963279	0.265347
-0.698905	0.201665	0.686195
0.147493	0.590867	0.793172
0.352388	0.823945	0.443776
-0.59958	0.412132	0.68604
0.606806	0.718388	0.340155
0.122126	0.177297	-0.97655
0.951506	0.218997	-0.216049
-0.824228	0.561245	-0.0751763
0.730334	0.0817143	0.678185
-0.810491	0.173654	-0.559418
-0.924779	0.380456	-0.00611961
-0.802383	-0.0292016	-0.596094
-0.829759	-0.215513	0.514834
-0.0167996	0.932097	-0.361819
-0.568065	-0.602531	-0.560588
-0.181123	0.864806	-0.4683
-0.210296	0.908556	0.360973
0.427557	0.63247	0.645892
-0.416166	0.298317	-0.85896
-0.653461	-0.643875	0.398014
0.798951	-0.56969	0.192692
0.986901	-0.0804766	0.139823
-0.569429	-0.425724	-0.703213
-0.974209	-0.0838309	0.209499
-0.00347315	-0.532897	-0.846173
0.586277	0.531297	0.611558
0.946805	-0.0324025	0.320171
0.0344414	0.47362	0.880055
-0.0694713	-0.984907	-0.15853
-0.346442	0.134055	0.928443
-0.661525	-0.748455	0.0468943
-0.542996	-0.692605	0.47482
-0.946145	0.283007	0.157217
0.89142	0.260125	0.371085
0.552543	0.243685	-0.797066
0.0445941	-0.935203	0.351292
0.367235	-0.50117	0.783561
0.63172	0.133141	0.763678
0.363209	0.684058	-0.632569
0.56445	0.636479	0.525634
0.00840582	-0.0950563	-0.995436
0.839636	0.197177	0.506095
-0.567918	0.632897	0.526223
0.883355	0.466776	-0.0424845
0.321763	0.832989	0.450109
0.395811	-0.591858	-0.702166
0.39914	-0.752086	-0.524456
-0.586436	0.0494949	-0.808482
-0.396508	-0.812975	0.426442
0.506098	-0.10158	-0.856473
0.99388	0.000160124	-0.110461
0.900663	0.305804	-0.308691
0.387699	-0.884498	0.259524
-0.700841	0.638285	0.318456
-0.200128	-0.0413564	-0.978897
0.162899	0.661122	0.73238
0.813973	0.481174	-0.325453
-0.527578	-0.64634	0.551277
0.905447	0.42396	-0.0205974
-0.910369	-0.358235	0.207113
-0.203969	0.640688	-0.740214
-0.963642	0.258492	0.0676492
0.337936	0.586097	0.736403
0.907191	0.10031	0.408585
-0.892554	0.409191	-0.189499
-0.0217513	0.984721	-0.172778
-0.0430157	-0.642792	-0.764832
-0.28051	0.954879	-0.0975734
-0.112286	-0.993468	0.0203203
0.405927	0.90004	0.158593
0.541003	-0.0443364	-0.839851
0.329572	-0.802388	0.49755
0.788888	0.573526	0.220735
0.656522	-0.286442	-0.697803
0.384653	0.0609466	0.921047
0.259483	-0.828759	0.495809
-0.370672	0.436326	-0.819891
0.14994	-0.443754	-0.883516
-0.24242	-0.355468	-0.902704
-0.0853159	-0.97632	0.198797
0.703616	0.266958	0.658528
-0.73821	0.27682	-0.615155
0.740343	0.654899	-0.151657
0.82142	-0.569524	0.0301925
0.43562	-0.890608	0.130582
-0.026402	-0.482084	-0.875727
0.105863	-0.87164	-0.478577
-0.643047	0.214203	-0.735261
-0.953892	0.22379	0.200022
0.420588	-0.526275	-0.739013
-0.582617	0.19321	-0.789448
-0.180917	-0.847808	0.498488
0.622419	-0.782394	0.0213155
0.410941	0.53074	-0.741244
-0.310572	-0.517924	-0.797057
-0.667347	-0.715994	0.204941
-0.0816699	-0.220268	0.972014
0.707317	-0.426179	-0.563981
0.723747	-0.498876	-0.476774
-0.770997	-0.179319	-0.611071
0.458127	-0.100137	-0.883228
-0.767887	-0.570663	0.291021
-0.280606	0.957103	0.0722151
0.207713	0.727077	0.654381
0.896844	0.433835	0.0863597
0.477684	-0.0259677	-0.878148
-0.353339	-0.935479	0.00547196
-0.812124	-0.0147464	-0.583298
-0.266973	0.95685	0.114727
0.615125	-0.0960049	-0.782562
0.0117911	0.999783	0.0171758
-0.158785	0.861176	-0.48287
-0.929309	0.18969	0.316863
0.784101	-0.365876	0.501318
-0.486701	0.859913	0.153855
0.707856	-0.172169	0.685053
0.599242	0.66985	0.438418
-0.0513079	0.404917	-0.912913
-0.0547662	0.45165	-0.890513
0.76003	0.0840057	-0.644435
0.988078	-0.0293602	0.151128
-0.59023	0.803397	0.0786201
0.542949	0.00371961	-0.839758
0.27966	-0.179966	-0.943081
0.985449	-0.166823	0.032572
0.95093	-0.273568	0.144546
-0.855258	0.254815	-0.451224
0.292796	0.670978	-0.681219
0.353443	0.628232	0.693111
0.744112	0.638757	0.195669
0.000461014	-0.110591	0.993866
-0.877931	0.446359	-0.173207
-0.561488	-0.788977	0.249491
0.921671	0.165308	-0.350991
0.207935	0.423058	-0.881921
-0.468776	0.594303	-0.653493
0.0651234	0.676405	0.733645
0.567387	0.823451	-0.000126059
0.844478	-0.4762	0.245134
0.652618	0.0414715	0.756551
0.319786	-0.150097	0.935525
-0.0530686	0.955587	0.289892
0.0955617	0.993596	0.0602896
-0.0837648	-0.996481	-0.00311289
-0.899636	0.076073	-0.429963
-0.930585	-0.364975	0.0283838
-0.329956	-0.186661	-0.925357
0.378878	-0.449432	-0.808989
-0.610596	-0.787857	0.080328
-0.787337	0.370951	0.492438
-0.903863	0.14007	0.404243
-0.607674	0.791031	-0.0707284
0.0497153	-0.859823	0.508166
0.683811	-0.43944	-0.582491
0.659156	-0.469229	-0.587655
0.571666	-0.725868	0.382509
0.884787	0.418624	-0.204709
0.841984	-0.374009	0.388819
-0.944381	0.292838	0.149638
0.230437	-0.89543	0.380925
0.571332	-0.187772	-0.79895
-0.749353	-0.243875	-0.615626
-0.530063	0.847818	0.0154583
0.736087	0.439946	0.514416
-0.608608	-0.786902	-0.101892
-0.460369	-0.564367	0.685237
0.645213	-0.615835	-0.452158
0.670356	-0.0436419	0.740755
0.804828	-0.0913649	-0.586434
-0.0571518	0.65674	0.751948
-0.724407	-0.566329	-0.393072
0.0763162	-0.893922	-0.441678
-0.0410286	0.257045	-0.965528
0.820364	0.420213	-0.387845
0.587983	-0.649578	-0.482001
-0.666499	-0.477165	0.572794
0.133923	-0.142223	-0.980733
-0.703556	-0.0657163	-0.707594
0.70222	0.695804	-0.150811
-0.443676	0.804473	0.394937
-0.225976	0.939617	-0.25701
0.82042	0.524476	-0.227677
-0.260237	-0.825362	0.501053
0.952222	-0.235107	-0.19493
-0.826491	0.224791	0.516122
-0.653603	0.281615	0.702493
0.881467	0.0733932	-0.466509
0.372908	0.906533	0.197835
0.824848	0.303951	0.476697
-0.995377	-0.0949008	-0.0147662
-0.431619	-0.832783	-0.346667
0.760075	0.293487	0.579785
0.849331	-0.350825	-0.394408
-0.566052	0.710768	-0.417604
-0.972668	-0.217779	0.0805605
0.512399	0.549238	-0.66014
0.159497	0.727826	0.666956
-0.847564	-0.425426	-0.317252
-0.72656	0.542246	0.421995
0.486125	0.811517	-0.324226
-0.24741	0.681144	-0.68908
-0.387662	0.488537	0.781697
0.489382	-0.788907	0.371661
0.0330578	0.593933	0.803835
0.391704	-0.900396	-0.189356
-0.57948	0.814352	-0.0321595
0.679564	-0.697326	0.227881
-0.951488	0.268587	0.150107
0.0341926	0.815707	-0.577454
0.130269	-0.980783	-0.145238
-0.270613	-0.84425	-0.462613
0.85045	-0.352348	0.390624
-0.132659	0.710258	-0.691328
0.69583	-0.713411	0.0828574
-0.333997	0.619228	-0.710635
0.603386	0.71736	0.34831
0.0360972	-0.776494	0.62909
-0.629225	0.561876	-0.537002
0.729305	-0.655138	-0.19725
0.906131	0.304965	0.293126
-0.989874	0.118556	-0.0780689
0.744588	0.118815	-0.656865
-0.718467	0.0028398	-0.695555
-0.431024	-0.88021	0.198618
-0.723746	-0.643635	-0.248849
-0.469755	-0.763633	0.442939
0.937863	0.210682	0.27573
0.209036	0.719283	0.662522
0.985225	-0.0320057	0.16825
-0.330551	-0.849067	0.412093
-0.468967	-0.505796	-0.724044
-0.890289	-0.15637	-0.427707
-0.574276	-0.407048	-0.710295
-0.597272	0.80186	0.0169079
-0.84878	-0.425099	-0.314426
-0.669767	-0.729637	-0.137992
0.881107	0.306843	0.359859
0.416498	-0.204477	0.885843
0.152531	0.355539	-0.922131
0.277907	0.103089	0.95506
0.446951	0.874387	-0.1889
0.136384	0.891536	-0.431928
-0.431413	-0.31444	0.845583
0.494064	0.0668075	0.866855
-0.0240782	0.564891	0.824814
0.817413	0.543821	0.189984
-0.567199	-0.782307	-0.257451
0.915634	-0.400699	-0.0324772
0.331472	-0.732683	-0.594392
0.385525	-0.29998	0.872572
-0.133403	0.990765	-0.0242609
-0.122149	0.812077	0.570622
-0.717595	0.480666	0.504002
0.702421	-0.548152	-0.454019
-0.97316	-0.0338888	0.227621
-0.265067	0.713627	0.648442
0.779874	0.037998	0.624782
-0.224523	-0.170799	0.959384
-0.462167	0.639435	-0.61443
0.159892	-0.573396	-0.803525
-0.149845	0.849145	0.506458
-0.103624	0.962681	-0.250013
-0.208966	-0.937342	0.278789
-0.0918781	-0.987147	-0.130766
-0.910437	0.360458	0.202915
-0.780934	-0.325279	-0.533231
-0.418509	0.768789	-0.483542
-0.185367	0.957777	0.21978
0.451633	-0.801856	-0.391222
-0.353826	-0.117795	0.927864
-0.389348	-0.118186	0.913477
0.631415	0.463852	-0.621415
-0.370201	-0.878648	-0.301545
-0.101777	-0.417392	0.903009
0.335474	0.818522	0.466346
0.087291	0.99054	0.105878
0.742857	-0.64035	0.19523
0.77708	-0.576166	-0.253335
0.697035	-0.584872	-0.41481
0.317845	0.871945	-0.372407
-0.859791	-0.22288	-0.459439
0.73096	0.675092	0.0997414
0.230011	0.968132	-0.0990709
0.571097	-0.193433	-0.797767
0.898936	-0.403461	-0.170682
-0.324216	-0.944299	0.0564275
0.865138	0.406636	-0.293572
0.146184	0.779029	-0.609708
-0.667504	0.738305	-0.0966687
-0.575278	0.165728	0.800993
0.755857	0.395832	0.521534
-0.493294	0.557844	0.667436
-0.479655	-0.422485	-0.76905
0.80885	0.475961	-0.345286
-0.717786	0.691634	0.0801626
0.808895	-0.394715	-0.435761
0.0847772	0.201498	0.975813
0.26911	0.957001	-0.108297
0.639871	-0.00628512	-0.768457
-0.616373	-0.0388676	0.786495
-0.503414	-0.383812	0.774121
-0.483123	0.477286	0.734023
0.570079	-0.109217	-0.814298
-0.795503	0.595364	-0.112772
-0.669872	0.338484	-0.660833
0.28833	0.636379	-0.715463
-0.496307	-0.187959	-0.847556
0.563397	-0.826171	-0.00495902
0.847342	-0.313432	0.428686
0.0798062	-0.460353	0.884141
-0.637586	-0.672374	-0.376028
0.194079	-0.902896	-0.383551
-0.501386	0.865009	0.0192494
-0.557469	-0.801112	0.217825
-0.720628	0.672667	-0.167972
0.601122	-0.167923	0.781316
0.87494	-0.0288561	0.483371
0.356176	0.679266	-0.641667
0.360073	-0.914275	0.185602
0.807614	0.125163	-0.576277
0.381551	-0.833459	-0.399706
0.373131	-0.572959	-0.72972
-0.179621	0.238544	0.954376
0.813194	0.552703	-0.182305
-0.870809	-0.385267	0.305388
0.435281	-0.805572	-0.401976
0.238158	-0.376507	0.895278
0.666358	0.448074	0.595984
0.88447	-0.458121	0.0885326
0.829264	0.435862	-0.349779
0.244009	0.328643	-0.912389
-0.892965	0.433473	-0.121307
-0.599517	0.352987	-0.718317
-0.345205	-0.570711	-0.745065
0.428238	0.824634	-0.369582
0.038624	0.272824	0.961288
0.957358	-0.0763134	-0.278642
-0.731611	0.44638	-0.515257
0.598622	-0.754104	0.270147
0.337526	-0.372776	-0.864358
-0.425415	0.301486	-0.853304
-0.0421488	0.754161	0.655335
-0.701068	-0.192609	0.686589
-0.872679	-0.122602	-0.472651
-0.42476	0.791247	0.439895
0.473609	-0.436577	0.764915
-0.0166382	0.0815413	0.996531
0.023819	0.959592	-0.280384
-0.693316	0.0764065	-0.716571
0.5173	-0.716945	0.467323
0.382707	0.810981	0.442543
0.985773	0.16807	0.00174774
-0.734142	-0.426543	-0.528295
0.415379	-0.881911	-0.222921
-0.0385974	0.788228	-0.614172
-0.238714	0.804601	0.543722
0.743106	0.47313	0.473225
-0.673347	-0.185463	0.715686
0.554544	-0.474785	0.683418
-0.469296	0.611225	-0.637311
0.0942682	0.934892	0.342186
-0.352503	0.359243	-0.86411
0.135564	-0.202964	0.969757
0.168628	-0.934222	-0.314315
-0.881746	-0.409453	0.23425
-0.125436	0.84066	0.526836
0.994672	-0.0912276	-0.0480059
0.952562	0.168257	0.253603
-0.237037	0.534996	0.810921
-0.900552	0.288126	0.325561
0.997768	0.0659694	0.0103837
0.77471	-0.617995	0.133818
0.270762	-0.744017	0.61084
-0.0699239	0.984065	0.163485
-0.686039	0.685999	-0.242395
0.911039	0.391397	0.129674
-0.717961	0.397008	0.571766
-0.874236	-0.480889	-0.0667599
-0.838633	-0.490733	-0.236381
-0.492359	-0.529966	-0.690448
-0.487694	0.861293	0.142581
-0.82339	-0.566048	0.0402271
-0.50613	-0.504754	0.699325
0.417588	-0.817731	0.396151
0.366432	-0.644797	-0.670794
-0.213804	-0.363483	-0.906735
0.654066	0.755037	-0.0460109
-0.242626	-0.604847	-0.758481
0.901165	0.320373	-0.291998
0.260183	0.560887	-0.785946
0.960552	-0.208859	0.183623
0.58622	0.597753	-0.546842
0.0167172	0.0805976	0.996607
-0.359187	0.352337	-0.864201
-0.197854	0.111485	0.973871
-0.474236	0.515383	0.713779
-0.323006	0.796615	-0.510952
0.360324	-0.858079	-0.365879
0.0803133	0.969405	0.231957
0.0772176	0.993132	-0.0878985
0.994855	-0.0996017	-0.0185079
-0.0241439	0.974739	-0.222039
-0.578059	0.0197527	0.815756
0.696238	0.382139	-0.607637
-0.610373	0.291186	-0.736651
0.151048	-0.796939	-0.58487
0.400801	0.0851408	0.912201
-0.415692	0.575898	0.703947
0.246217	0.185759	0.951247
-0.161465	-0.0294748	0.986438
-0.256005	-0.962359	0.0912503
0.788002	-0.00747264	0.615627
0.025178	0.89873	0.437779
0.443966	0.359437	0.820792
-0.466381	0.125822	0.87559
0.483428	-0.0236551	-0.875064
-0.743809	-0.604708	-0.284739
0.764541	-0.163662	-0.623452
-0.462554	-0.558857	-0.688275
-0.6626	-0.359317	0.657155
0.969608	-0.061335	0.23685
0.717344	-0.69101	-0.0890108
0.311813	0.935919	0.163795
-0.750074	0.301026	0.588873
-0.431724	-0.140787	0.890951
-0.48475	0.744025	0.459831
-0.116657	-0.423603	-0.898305
0.871194	-0.458403	0.17575
-0.982514	-0.152426	0.106927
-0.177139	0.413693	-0.893017
-0.906346	0.371433	-0.201429
-0.276415	-0.483504	-0.830553
-0.978187	-0.088105	-0.188116
0.162872	-0.0683474	0.984277
-0.541691	0.727242	0.421533
-0.516473	-0.414128	0.749502
-0.377079	0.822382	0.426028
0.730112	0.209579	-0.650395
0.0235199	-0.948283	0.316554
-0.895778	0.437442	-0.0789062
0.0264717	-0.80665	0.590436
-0.607946	0.666661	-0.431236
0.509461	-0.809624	-0.291476
0.158787	0.0277143	-0.986924
-0.0635502	-0.969472	0.236824
0.29809	0.368788	0.880419
-0.594914	0.397661	0.698529
-0.500328	0.843268	-0.196393
0.119104	0.141607	0.982732
0.426495	0.483667	-0.764309
-0.793615	-0.344544	-0.501462
-0.131018	0.504836	-0.853215
-0.364944	0.130034	0.921904
-0.964692	0.231806	-0.125041
-0.173359	0.773543	0.609572
0.0821564	-0.856085	-0.510263
0.301016	0.739751	0.601796
0.741369	0.106337	-0.66262
0.117617	-0.993053	0.00336
-0.665932	-0.550627	-0.503333
-0.849189	0.454709	-0.268546
0.649301	-0.35889	0.670527
-0.529656	0.644834	-0.551047
0.385723	-0.223938	0.895025
-0.156678	0.511986	0.844584
-0.215527	-0.947836	0.234849
-0.278413	-0.0168875	-0.960313
0.499698	-0.0448566	0.865038
0.32557	-0.944178	-0.0503127
-0.662992	-0.43738	-0.607569
0.906933	0.0228297	-0.420657
-0.802186	-0.307145	0.512016
0.177167	-0.799947	0.573321
-0.883581	-0.0384789	0.466694
-0.417216	0.519028	-0.746016
-0.795456	-0.0576976	0.603259
-0.326364	-0.772418	0.544846
-0.801491	-0.0645264	0.594516
-0.884875	-0.372645	-0.27952
0.503733	-0.192046	0.842242
-0.768605	0.60629	0.204106
-0.0168486	-0.539612	0.841746
-0.280097	0.676664	0.680934
0.414966	-0.897961	-0.146521
-0.0377464	0.0229173	-0.999025
-0.91998	0.34973	-0.176994
0.00316593	0.670066	0.742295
-0.700433	-0.701754	0.130136
-0.68532	-0.546698	-0.4811
0.291058	0.631685	-0.718512
0.269301	0.484271	-0.832441
-0.134769	-0.669518	-0.730467
0.343669	-0.929619	0.133039
0.251248	0.891387	-0.377233
-0.366026	0.210492	0.906487
0.418912	-0.451285	-0.787943
0.699606	0.54511	0.46196
-0.311611	-0.680676	-0.663007
-0.27513	0.191158	0.942211
0.502402	-0.77444	-0.384495
0.147713	-0.985178	0.0872111
0.491162	0.613051	-0.618813
0.0340672	0.902034	-0.430318
0.141107	0.832252	-0.536139
0.348576	0.890669	0.291898
-0.120201	-0.970283	-0.210006
0.367959	0.571283	-0.73365
0.478919	0.162667	-0.862656
-0.730573	0.532774	0.427101
-0.541473	-0.036684	0.839917
0.192584	-0.940143	-0.281146
0.259444	0.580694	0.771676
-0.39671	-0.799849	-0.450403
-0.616995	-0.330891	-0.714023
-0.448589	0.454192	0.769726
-0.237003	0.927494	0.28911
0.50244	0.812333	-0.29609
-0.283879	0.953798	0.0984002
0.0441571	-0.463306	-0.885098
0.568918	0.598238	-0.564308
0.963714	-0.230518	-0.134595
0.777309	-0.00276366	-0.629113
-0.65539	0.747848	0.10577
-0.946468	0.28987	-0.142032
0.0939108	0.782327	0.615747
-0.960114	0.105175	0.259075
-0.532539	-0.343386	-0.77362
0.175037	-0.610005	-0.772824
-0.123542	-0.603356	0.787844
0.716733	0.39118	0.577297
-0.544555	-0.638404	-0.543967
0.0999439	0.156213	0.982654
-0.799945	0.152027	0.580496
0.62361	-0.686753	-0.37347
-0.786845	0.393721	0.475246
-0.708201	-0.686037	-0.166747
0.232505	-0.116263	0.965621
0.372749	-0.650721	-0.661529
0.449176	-0.255678	-0.856078
-0.664683	-0.641839	-0.382412
0.611873	0.714722	0.338797
-0.187311	0.642762	-0.742813
-0.429	-0.898499	0.0930479
0.100614	-0.801736	-0.589149
-0.343737	0.762227	-0.548501
-0.276875	0.191309	-0.941669
-0.293966	-0.0136357	0.955719
0.436084	0.872054	-0.222152
0.939665	-0.318778	-0.124142
0.708033	0.210952	-0.673935
0.158511	0.837082	0.52361
0.149053	0.987286	-0.0552266
0.261476	-0.000229938	-0.96521
-0.00452461	0.0388268	0.999236
-0.914013	-0.394672	-0.0938785
-0.0348376	-0.789029	0.613367
0.650221	0.663241	-0.370573
0.41045	0.587078	0.697761
-0.966795	-0.253886	-0.0291457
-0.0336662	0.197799	0.979664
0.612582	0.735446	-0.289591
0.00988608	-0.711905	0.702206
-0.920777	-0.0748218	0.382846
-0.55785	0.82989	-0.00932294
0.0351238	0.679992	0.732378
-0.523649	-0.469752	0.710721
0.240975	0.44591	-0.86203
-0.0989112	-0.983136	-0.153817
-0.495957	0.862167	0.10342
0.0375637	0.96255	0.268488
0.124247	0.198116	0.972272
-0.17989	0.933711	0.309554
0.863579	0.361716	-0.351273
-0.452704	0.891626	-0.00783181
-0.89171	-0.268315	-0.3645
